Metadata section
timestamp: 2026-04-20_18-33-10
humidity: 21.7584616
temperature: 23.985862
temperature2: 25.969
temperature3: 26.31
gyro_offset_xyz: 0.03576635, 0.005480178 0.008126585
gyro_sf: 0.017453292
accel_sf: 9.80665
gyro_so: 131
accel_so: 16384

Data section
time gyro_x gyro_y gyro_z accel_x accel_y accel_z pressure
1175695 -0.0035243892 0.007310021 -0.009991822 0.186747732 0.2896984 10.618284 99158.45
1175706 -0.0005933009 0.009574952 -0.0042628784 0.186747732 0.2705448 10.651803 99158.45
1175715 0.0023377872 0.013838351 -0.012123521 0.191536132 0.31603462 10.692505 99158.45
1175726 0.0008722432 0.031558104 -0.007327197 0.179565132 0.2705448 10.682928 99158.45
1175736 0.0026042462 0.019567296 -0.00972536 0.15562311 0.24420858 10.654198 99158.45
1175745 0.0016716309 0.011706652 -0.0107912092 0.15322891 0.30406362 10.644621 99158.45
1175756 0.0011387058 0.023963926 -0.00679427236 0.19871874 0.28491 10.620679 99158.45
1175766 0.005801797 0.052075716 -0.014788147 0.22266076 0.29209262 10.637438 99158.45
1175786 0.005935028 0.08684907 -0.013722297 0.189141932 0.25378536 10.627861 99158.45
1175795 0.0056685692 0.0703284 -0.037437456 -0.038307228 0.20590134 10.795456 99158.45
1175805 -0.0005933009 -0.0062795652 -0.07594129 0.12928688 0.24899698 10.635044 99159.29
1175815 -0.003924083 -0.028529182 -0.06861357 0.079008652 0.33039984 10.714052 99159.29
1175824 -0.002991464 -0.04957972 -0.041700856 0.16280572 0.33518824 10.67814 99159.29
1175834 -0.00192561368 -0.068898248 -0.009458898 0.11971009 0.2705448 10.697293 99158.45
1175844 -0.0028582328 -0.037855368 -0.007460429 0.23463176 0.2801216 10.529699 99158.45
1175856 0.00193808976 0.0452809236 -0.013322603 0.22266076 0.2801216 10.488997 99159.29
1175866 0.0030039436 0.07246009 -0.011990291 0.17238252 0.2633622 10.656591 99159.29
1175876 0.004469488 0.06006959 -0.008526279 0.1412579 0.30166942 10.737994 99159.29
1175885 0.0047359504 0.06486592 -0.010924441 0.14604631 0.25378536 10.635044 99159.29
1175896 0.0006057769 0.04714616 -0.012389984 0.055066636 0.29927522 10.740389 99159.29
1175906 0.0028707088 0.005311552 -0.010657978 0.177170932 0.2777274 10.606314 99159.96
1175915 -0.0016591512 0.014904203 -0.01305614 0.1340753 0.2657564 10.623073 99159.96
1175925 0.0012719333 0.016236516 -0.021582938 0.11492168 0.25378536 10.6877168 99159.96
1175935 -0.0032579266 0.005844477 -0.044631944 0.1340753 0.24660278 10.6637744 99159.96
1175945 0.0006057769 0.0055780144 -0.036904532 0.11492168 0.2825158 10.651803 99159.96
1175955 0.0016716309 0.0061109408 -0.015454303 0.16519992 0.33758244 10.66138 99159.29
1175965 -0.00339115768 0.007976176 -0.0135890652 0.1604115 0.29448682 10.658986 99159.29
1175975 -0.0051231644 0.009574952 -0.007460429 0.11492168 0.29209262 10.577583 99159.29
1175985 0.0007390119 0.008775566 -0.010924441 0.1604115 0.2753332 10.656591 99159.29
1175995 0.00033931808 0.008242639 -0.01305614 0.15801731 0.25857376 10.584765 99159.29
1176004 0.0028707088 0.007976176 -0.0098585912 0.1340753 0.2801216 10.608707 99159.29
1176014 -0.005256394 0.009175258 -0.011190903 0.184353532 0.30885202 10.682928 99159.96
1176026 0.0023377872 0.008509101 -0.009059204 0.1388637 0.28491 10.635044 99159.96
1176035 -0.0032579266 0.0010481523 -0.0089259732 0.14604631 0.29448682 10.670957 99159.96
1176045 -0.002058845 0.008642333 -0.004929035 0.15562311 0.30166942 10.613496 99159.29
1176055 0.0020713248 0.010374339 -0.01185706 0.11971009 0.32321724 10.670957 99159.29
1176076 -0.0005933009 0.007310021 -0.009059204 0.1388637 0.2633622 10.685322 99159.29
1176084 0.0024710186 0.013172196 -0.0107912092 0.186747732 0.2633622 10.553641 99159.96
1176095 0.00047254936 0.013838351 -0.012922909 0.189141932 0.2657564 10.6158904 99159.96
1176106 -0.0005933009 0.016103282 -0.008393047 0.17477672 0.23702596 10.656591 99159.96
1176115 -0.001126226 0.015703588 -0.0117238284 0.12449849 0.28491 10.6398328 99159.96
1176125 -0.002058845 0.00944172 -0.0107912092 0.1604115 0.31124622 10.692505 99159.96
1176135 -0.00019360706 0.02103284 -0.012789678 0.16519992 0.30406362 10.649409 99159.96
1176144 -0.0015259199 0.026895012 -0.0079933532 0.10055647 0.2705448 10.611102 99159.29
1176186 -0.001126226 0.0123728088 -0.0050622664 0.1316811 0.2825158 10.623073 99159.29
1176206 0.0015383996 0.0142380468 -0.010258284 0.1316811 0.2896984 10.658986 99159.29
1176215 -0.0005933009 0.008375872 -0.010524747 0.12689268 0.2801216 10.603919 99159.29
1176225 -0.0059225504 0.0037127776 -0.012656447 0.11492168 0.2896984 10.668563 99159.29
1176235 -0.00192561368 0.0074432516 -0.009325666 0.1604115 0.2801216 10.647015 99159.29
1176246 0.0042030216 0.008509101 -0.00759365936 0.177170932 0.25617956 10.5919484 99159.29
1176257 -0.0023253076 0.008509101 -0.008526279 0.16280572 0.25857376 10.599131 99159.29
1176267 0.0023377872 0.01144019 -0.011057672 0.181959332 0.272939 10.666168 99159.29
1176276 0.0026042462 0.015037432 -0.009059204 0.16280572 0.29927522 10.637438 99159.29
1176286 -0.0015259199 0.018101752 -0.011057672 0.14844051 0.29927522 10.6398328 99159.29
1176297 0.0007390119 0.0133054268 -0.011457366 0.1364695 0.30166942 10.694899 99159.29
1176316 -0.0017923824 0.010907264 -0.009059204 0.1412579 0.2896984 10.606314 99160.132
1176325 0.003536865 0.008775566 -0.00679427236 0.11731588 0.30166942 10.668563 99160.132
1176335 0.0027374812 0.007576483 -0.008792741 0.12928688 0.29448682 10.6877168 99159.45
1176345 0.0026042462 0.009974645 -0.007460429 0.15083471 0.2873042 10.7116584 99159.45
1176355 -0.0017923824 0.012106346 -0.007726891 0.15322891 0.2777274 10.5919484 99159.45
1176365 -0.002058845 0.016369746 -0.008393047 0.15562311 0.2777274 10.575189 99159.45
1176375 0.00020608678 0.01250604 -0.0055951916 0.14604631 0.25617956 10.611102 99160.132
1176385 -0.0075213256 0.01463774 -0.01185706 0.1436521 0.29688102 10.673351 99160.132
1176395 0.00047254936 0.011040496 -0.009458898 0.15562311 0.2801216 10.627861 99160.132
1176405 -0.0021920764 0.007576483 -0.007860122 0.1412579 0.29209262 10.5919484 99160.132
1176414 0.0006057769 0.009175258 -0.005328729 0.1316811 0.30645782 10.656591 99160.132
1176424 -0.004323777 0.012905734 -0.006661041 0.15562311 0.2896984 10.654198 99160.132
1176436 -0.005389625 0.012106346 -0.010924441 0.12928688 0.29448682 10.560823 99160.132
1176445 -0.0017923824 0.0133054268 -0.01185706 0.16519992 0.25617956 10.642226 99160.132
1176456 -0.0025917702 0.010640802 -0.011190903 0.1388637 0.24899698 10.666168 99160.132
1176466 -0.0023253076 0.0186346768 -0.007726891 0.14844051 0.272939 10.6158904 99160.132
1176486 -0.0064554756 0.007709715 -0.007726891 0.1388637 0.2777274 10.6637744 99160.8
1176495 0.0010054745 0.0055780144 -0.009192435 0.14604631 0.2633622 10.6398328 99160.8
1176505 0.0012719333 0.007576483 -0.013722297 0.14604631 0.30166942 10.637438 99160.8
1176515 -0.0032579266 0.008242639 -0.00546196 0.14604631 0.31124622 10.606314 99160.8
1176524 0.0007390119 0.011839883 -0.010657978 0.14844051 0.29448682 10.5704 99160.8
1176534 0.00367010016 0.017435596 -0.009592129 0.15801731 0.32321724 10.66138 99160.132
1176545 -0.00032683836 0.013971584 -0.01185706 0.17477672 0.2705448 10.637438 99160.132
1176554 0.00020608678 0.012772502 -0.007726891 0.1604115 0.30406362 10.699687 99160.132
1176564 -0.001126226 0.014904203 -0.009991822 0.15322891 0.272939 10.642226 99160.132
1176574 0.0010054745 0.014770972 -0.007327197 0.12210429 0.34237084 10.656591 99160.132
1176583 0.0024710186 0.008109409 -0.008393047 0.1388637 0.272939 10.6398328 99160.132
1176593 0.0006057769 0.010107877 -0.008259816 0.15801731 0.2681506 10.608707 99160.132
1176604 -0.00032683836 0.012106346 -0.0062613472 0.11492168 0.24899698 10.66138 99160.132
1176615 -0.00019360706 0.007043559 -0.012256753 0.11492168 0.32800564 10.69011 99160.132
1176625 0.0011387058 0.0050450904 -0.00865951 0.12928688 0.2873042 10.6398328 99159.45
1176636 -0.001126226 0.011839883 -0.012922909 0.14604631 0.28491 10.601525 99159.45
1176645 0.005935028 0.015437128 -0.011590597 0.1316811 0.25617956 10.682928 99160.132
1176655 -0.0013926886 0.016636208 -0.0051954976 0.11731588 0.29927522 10.613496 99159.45
1176665 -0.00032683836 0.015303895 -0.010657978 0.15801731 0.29688102 10.6158904 99159.45
1176675 -0.0035243892 0.013438659 -0.011990291 0.1388637 0.2657564 10.620679 99159.45
1176716 0.00020608678 0.008775566 -0.007726891 0.15322891 0.29927522 10.582372 99159.45
1176736 0.0023377872 0.015437128 -0.010924441 0.17477672 0.28491 10.649409 99159.45
1176746 0.0023377872 0.019833756 -0.010125053 0.10534488 0.25617956 10.611102 99159.45
1176755 0.0027374812 0.01890114 -0.009991822 0.12210429 0.2681506 10.656591 99159.45
1176765 -0.00192561368 0.011706652 -0.013455834 0.16519992 0.2633622 10.635044 99159.45
1176776 -0.002058845 0.012106346 -0.010125053 0.1436521 0.29688102 10.6637744 99159.45
1176785 0.0042030216 0.009175258 -0.008792741 0.14604631 0.24899698 10.618284 99159.45
1176795 0.0011387058 0.006377402 -0.0051954976 0.1436521 0.30645782 10.66138 99159.45
1176805 0.0014051683 0.007576483 -0.009991822 0.17477672 0.33758244 10.627861 99159.45
1176814 0.0024710186 0.01357189 -0.010657978 0.12928688 0.29927522 10.658986 99159.45
1176826 -0.0031246952 0.015570359 -0.008792741 0.179565132 0.25378536 10.623073 99158.78
1176837 0.0011387058 0.008242639 -0.012123521 0.1412579 0.25378536 10.644621 99158.78
1176846 0.0020713248 0.014770972 -0.009059204 0.110133272 0.2705448 10.668563 99158.78
1176856 -0.0008597635 0.013172196 -0.008393047 0.10773908 0.272939 10.627861 99158.78
1176866 -0.002991464 0.010774033 -0.012523215 0.110133272 0.2873042 10.603919 99158.78
1176876 -0.0037908516 0.00944172 -0.009592129 0.11971009 0.2753332 10.67814 99158.78
1176885 0.0020713248 0.015037432 -0.007460429 0.15322891 0.28491 10.58716 99158.78
1176896 -0.0027250014 0.010774033 -0.011057672 0.19871874 0.272939 10.637438 99159.45
1176905 0.00020608678 0.013838351 -0.0107912092 0.1316811 0.29209262 10.632649 99159.45
1176915 -0.0032579266 0.014104815 -0.0107912092 0.1364695 0.25378536 10.5919484 99159.45
1176926 -0.0013926886 0.01783529 -0.0117238284 0.16759412 0.23942018 10.627861 99159.45
1176936 -0.0016591512 0.020899608 -0.010258284 0.14844051 0.2681506 10.632649 99159.45
1176946 -0.0007265322 0.019567296 -0.0107912092 0.177170932 0.2657564 10.630256 99159.45
1176956 0.0012719333 0.016636208 -0.00865951 0.11492168 0.2801216 10.635044 99159.45
1176965 0.0012719333 0.0142380468 -0.007460429 0.12689268 0.25617956 10.632649 99159.45
1176976 0.003536865 -0.0012167785 -0.011324135 0.1340753 0.2633622 10.666168 99159.45
1176986 -0.0032579266 -0.005879872 -0.006661041 0.16519992 0.30406362 10.5919484 99159.45
1176997 -0.005389625 0.005311552 -0.0069275037 0.17477672 0.2873042 10.6398328 99159.45
1177008 0.00033931808 0.01583682 -0.007860122 0.1604115 0.272939 10.589554 99159.45
1177017 -0.00019360706 0.010507571 -0.014121991 0.15562311 0.29688102 10.627861 99159.45
1177036 -0.0017923824 0.010907264 -0.011057672 0.1388637 0.30645782 10.6637744 99158.78
1177045 0.0014051683 0.011973115 -0.0062613472 0.15801731 0.23942018 10.625467 99158.78
1177056 0.00033931808 0.005311552 -0.010524747 0.1388637 0.2633622 10.680533 99158.78
1177066 0.0007390119 0.008908795 -0.013855528 0.15562311 0.25857376 10.649409 99158.78
1177075 0.0018048622 0.011040496 -0.015853998 0.1604115 0.2705448 10.623073 99158.78
1177085 -0.0024585388 0.007043559 -0.0079933532 0.16998832 0.2825158 10.6398328 99158.11
1177096 -0.0025917702 0.007709715 -0.011990291 0.220266544 0.30885202 10.658986 99158.78
1177105 -0.0035243892 0.013172196 -0.011590597 0.15562311 0.29209262 10.699687 99158.78
1177116 0.00047254936 0.01583682 -0.011190903 0.1316811 0.29927522 10.69011 99158.78
1177126 0.0012719333 0.005711246 -0.013988759 0.10773908 0.2753332 10.623073 99158.78
1177135 0.0014051683 0.010907264 -0.007860122 0.12928688 0.2633622 10.644621 99158.78
1177145 0.0020713248 0.010640802 -0.011190903 0.14604631 0.272939 10.67814 99158.78
1177155 -6.037578e-05 0.009574952 -0.00972536 0.15083471 0.2705448 10.589554 99158.78
1177164 0.0023377872 0.012639271 -0.0069275037 0.189141932 0.25378536 10.618284 99158.78
1177177 0.00033931808 0.01144019 -0.0107912092 0.1436521 0.2873042 10.666168 99158.78
1177187 0.0055353344 0.012639271 -0.009325666 0.186747732 0.2825158 10.608707 99158.78
1177196 0.0024710186 0.009175258 -0.013722297 0.15083471 0.29209262 10.577583 99158.78
1177237 -0.0016591512 0.009841414 -0.007860122 0.17477672 0.272939 10.618284 99159.45
1177255 -0.0008597635 0.015037432 -0.011990291 0.14604631 0.24660278 10.625467 99159.45
1177265 0.0015383996 0.017302364 -0.0079933532 0.1340753 0.2896984 10.572795 99159.45
1177275 -0.0008597635 0.015570359 -0.009059204 0.1412579 0.31124622 10.647015 99159.45
1177285 0.0014051683 0.012772502 -0.0057284228 0.16759412 0.29688102 10.632649 99159.45
1177294 -0.0032579266 0.0038460088 0.001599296 0.1340753 0.25139116 10.644621 99158.624
1177304 -0.00339115768 0.0041124704 0.0070617768 0.093373864 0.2896984 10.649409 99159.45
1177315 -0.0017923824 0.005311552 0.010259327 0.15083471 0.2705448 10.668563 99158.624
1177326 0.00047254936 0.007310021 5.206093e-07 0.1340753 0.25617956 10.596737 99158.624
1177335 0.0008722432 0.017435596 -0.009325666 0.15562311 0.24660278 10.627861 99158.624
1177345 0.0026042462 0.017035902 -0.008259816 0.1412579 0.2873042 10.670957 99158.624
1177355 0.0030039436 0.015570359 -0.0062613472 0.1388637 0.2873042 10.666168 99158.624
1177364 0.0026042462 0.014104815 -0.00865951 0.15801731 0.29448682 10.67814 99158.624
1177374 -0.0032579266 0.008775566 -0.007327197 0.12928688 0.31364042 10.649409 99158.624
1177387 -0.00192561368 0.010107877 -0.0098585912 0.184353532 0.29688102 10.668563 99158.624
1177397 0.00367010016 0.008642333 -0.010524747 0.16519992 0.2825158 10.635044 99158.624
1177407 -0.0008597635 0.014904203 -0.0135890652 0.16998832 0.2753332 10.6877168 99158.624
1177418 -0.0040573144 0.012639271 -0.012256753 0.12210429 0.25378536 10.551247 99158.624
1177427 7.28555e-05 0.009574952 -0.009325666 0.12689268 0.2777274 10.647015 99158.624
1177437 -0.0023253076 0.007709715 -0.010258284 0.1412579 0.220266544 10.596737 99158.624
1177447 0.0034036376 0.0038460088 -0.008526279 0.184353532 0.23223756 10.642226 99158.624
1177466 -0.00046006964 -1.7697458e-05 -0.011457366 0.14604631 0.29209262 10.6398328 99158.624
1177476 0.0010054745 0.0046453964 -0.009592129 0.179565132 0.2633622 10.560823 99158.624
1177486 7.28555e-05 0.0191676 -0.007060735 0.177170932 0.32321724 10.584765 99158.624
1177496 -0.0028582328 0.0212993 -0.008259816 0.16759412 0.30406362 10.642226 99158.624
1177505 0.0014051683 0.01770206 -0.011190903 0.15801731 0.33039984 10.55843 99159.29
1177515 0.00020608678 0.008908795 -0.010125053 0.16519992 0.28491 10.6637744 99159.29
1177526 -0.0008597635 0.010640802 -0.011190903 0.076614456 0.25617956 10.575189 99158.624
1177535 -0.0016591512 0.0031798524 -0.009059204 0.12689268 0.31364042 10.579977 99159.29
1177545 0.0034036376 0.005311552 -0.008393047 0.12210429 0.22984336 10.5919484 99159.29
1177555 -0.001126226 0.008642333 -0.007860122 0.186747732 0.24899698 10.632649 99159.29
1177566 0.0008722432 0.01250604 -0.009592129 0.15083471 0.28491 10.651803 99159.29
1177576 -0.002058845 0.014371276 -0.011190903 0.12928688 0.2801216 10.6877168 99159.29
1177586 0.0032704026 0.010374339 -0.012523215 0.1388637 0.2896984 10.599131 99159.29
1177596 -0.0031246952 0.010507571 -0.011457366 0.10295067 0.260968 10.647015 99159.29
1177606 -0.0028582328 0.0090420264 -0.0089259732 0.1364695 0.2801216 10.611102 99159.29
1177616 0.00033931808 0.005311552 -0.0079933532 0.16519992 0.320823 10.651803 99159.29
1177625 -0.005656088 0.013438659 -0.0071939668 0.16519992 0.32561144 10.606314 99158.624
1177635 0.0011387058 0.017435596 -0.008126585 0.11971009 0.30166942 10.656591 99159.29
1177645 -0.004323777 0.015303895 -0.01305614 0.12928688 0.31603462 10.721235 99159.29
1177666 -0.0035243892 0.0037127776 -0.008792741 0.12928688 0.29688102 10.644621 99159.29
1177675 -0.0016591512 0.0037127776 -0.01185706 0.1604115 0.24660278 10.642226 99159.29
1177685 0.00380333152 -0.0013500098 -0.0098585912 0.1364695 0.25617956 10.666168 99158.624
1177695 -0.0016591512 -0.0012167785 -0.0046625724 0.16519992 0.24660278 10.668563 99158.624
1177705 -0.002058845 0.009708183 -0.009458898 0.186747732 0.2657564 10.582372 99158.624
1177715 0.0020713248 0.028360556 -0.013455834 0.189141932 0.2777274 10.680533 99158.624
1177758 -0.00019360706 0.009708183 -0.0079933532 0.12449849 0.29688102 10.69011 99158.78
1177767 -0.0028582328 0.01357189 -0.016253692 0.1340753 0.28491 10.642226 99158.78
1177777 0.0014051683 0.017035902 -0.009458898 0.1412579 0.2777274 10.584765 99158.78
1177788 -0.0009929948 0.019434064 -0.008792741 0.14604631 0.24181438 10.6158904 99158.78
1177798 0.0015383996 0.022231922 -0.012123521 0.1436521 0.30166942 10.556035 99158.78
1177808 0.00033931808 0.02542947 -0.008259816 0.1436521 0.260968 10.6158904 99158.78
1177818 0.0007390119 0.008775566 -0.009325666 0.07182605 0.24899698 10.699687 99158.78
1177827 0.0023377872 -0.016671602 -0.012922909 0.095768068 0.29688102 10.692505 99158.78
1177837 -0.003924083 -0.012541434 -0.0079933532 0.19871874 0.2657564 10.613496 99158.78
1177847 0.005002413 0.0051783208 -0.00759365936 0.16759412 0.2705448 10.58716 99158.78
1177866 -0.001126226 0.011173727 -0.0061281164 0.14844051 0.2825158 10.642226 99158.78
1177875 -0.0036576204 0.025562702 -0.008259816 0.15322891 0.272939 10.6877168 99158.78
1177885 0.0011387058 0.0191676 -0.008259816 0.1340753 0.2753332 10.702082 99158.78
1177895 0.0020713248 0.01783529 -0.007860122 0.1388637 0.30645782 10.642226 99158.78
1177904 0.00020608678 0.014371276 -0.011057672 0.15083471 0.2873042 10.647015 99158.78
1177914 -0.0017923824 0.005311552 -0.007327197 0.14604631 0.2873042 10.651803 99158.11
1177924 0.0016716309 0.0051783208 -0.011590597 0.179565132 0.2681506 10.635044 99158.11
1177933 -0.0013926886 0.007310021 -0.01185706 0.1364695 0.2633622 10.656591 99158.11
1177943 7.28555e-05 0.007576483 -0.013189372 0.11252748 0.25617956 10.658986 99158.11
1177953 -0.0037908516 0.0142380468 -0.013189372 0.14604631 0.2873042 10.644621 99157.45
1177964 0.0034036376 0.018767908 -0.009192435 0.1340753 0.22984336 10.620679 99157.45
1177974 -6.037578e-05 0.012639271 -0.00972536 0.10055647 0.25378536 10.623073 99157.45
1177985 0.0015383996 0.007976176 -0.007327197 0.1364695 0.2896984 10.723629 99157.45
1177993 -0.001126226 -0.00041739084 -0.0098585912 0.12210429 0.272939 10.6637744 99157.45
1178003 0.004069794 0.0041124704 -0.013455834 0.11252748 0.2753332 10.625467 99156.768
1178014 0.0018048622 0.00397924 -0.008526279 0.17238252 0.29927522 10.649409 99156.768
1178023 0.00033931808 0.015570359 -0.009991822 0.181959332 0.29448682 10.536881 99156.768
1178033 7.28555e-05 0.019034368 -0.015321072 0.16759412 0.29209262 10.582372 99156.768
1178043 0.0020713248 0.02862702 -0.013855528 0.1316811 0.29209262 10.658986 99157.45
1178052 -0.004190542 0.039152288 -0.011190903 0.19632454 0.2777274 10.6398328 99157.45
1178063 -0.0035243892 0.033556572 -0.0107912092 0.10295067 0.2705448 10.666168 99157.45
1178073 0.00047254936 0.011040496 -0.007860122 0.095768068 0.24420858 10.694899 99157.45
1178082 -0.001126226 -0.004281097 -0.002664104 0.12449849 0.29448682 10.654198 99157.45
1178092 -0.0016591512 0.0006484585 0.0019989898 0.191536132 0.2896984 10.599131 99157.45
1178103 -0.002991464 0.007043559 0.010792252 0.16759412 0.30166942 10.635044 99157.45
1178116 0.0011387058 0.025163006 0.032375716 0.15083471 0.28491 10.670957 99157.45
1178125 -0.005789319 0.022898076 0.027979082 0.093373864 0.24181438 10.630256 99157.45
1178137 7.28555e-05 0.012239577 0.0041306884 0.10773908 0.25617956 10.58716 99158.11
1178147 0.0016716309 0.0014478466 -0.012656447 0.11971009 0.2633622 10.654198 99158.11
1178157 0.0011387058 0.003046621 -0.019584472 0.12928688 0.30406362 10.6637744 99158.11
1178167 -0.0035243892 0.0023804648 -0.009991822 0.16519992 0.2705448 10.630256 99158.78
1178177 0.00367010016 0.010907264 -0.005861654 0.1604115 0.2657564 10.6158904 99158.78
1178187 7.28555e-05 0.02116607 -0.016653385 0.1316811 0.30406362 10.673351 99158.78
1178197 -0.004723469 0.022898076 -0.009059204 0.1340753 0.32800564 10.637438 99158.78
1178206 0.0032704026 0.025962394 -0.00759365936 0.11492168 0.30885202 10.6637744 99158.11
1178216 0.0011387058 0.014104815 -0.009991822 0.1316811 0.31364042 10.649409 99158.11
1178226 -0.001126226 0.00357954632 -0.009325666 0.088585464 0.28491 10.699687 99158.11
1178263 0.0007390119 0.007976176 -0.010125053 0.12210429 0.25617956 10.627861 99158.948
1178273 0.0006057769 0.015437128 -0.0117238284 0.12928688 0.24660278 10.6637744 99158.948
1178283 0.003536865 0.022098688 -0.0069275037 0.1412579 0.2896984 10.668563 99158.27
1178294 -0.0007265322 0.022898076 -0.010524747 0.14604631 0.2657564 10.666168 99158.27
1178303 -6.037578e-05 0.009308489 -0.0117238284 0.1412579 0.31364042 10.658986 99158.27
1178313 0.0008722432 0.0051783208 -0.0071939668 0.1436521 0.30645782 10.6637744 99158.27
1178323 0.00033931808 0.00078169024 -0.007726891 0.12449849 0.2681506 10.608707 99158.27
1178334 0.0026042462 0.005311552 -0.007327197 0.12928688 0.28491 10.630256 99158.27
1178344 -0.00339115768 0.016502976 -0.011990291 0.14844051 0.29209262 10.589554 99158.27
1178355 0.0006057769 0.024763314 -0.008259816 0.15322891 0.2633622 10.584765 99158.27
1178366 0.0030039436 0.024097158 -0.0107912092 0.10295067 0.2705448 10.627861 99158.948
1178375 -0.0013926886 0.014104815 -0.008526279 0.110133272 0.22984336 10.680533 99158.948
1178386 0.0006057769 0.00357954632 -0.010924441 0.12210429 0.24420858 10.699687 99158.948
1178396 0.0034036376 -0.0012167785 -0.011457366 0.11492168 0.2825158 10.635044 99159.61
1178406 -0.002991464 -0.0056134096 -0.011190903 0.1340753 0.29688102 10.603919 99159.61
1178416 -0.00019360706 0.0051783208 -0.01505461 0.16519992 0.25139116 10.601525 99159.61
1178426 -0.0012594573 0.019300834 -0.010125053 0.14844051 0.2657564 10.673351 99159.61
1178435 -0.0021920764 0.019833756 -0.0098585912 0.17477672 0.32321724 10.589554 99159.61
1178446 -0.0060557816 0.018767908 -0.013322603 0.15562311 0.2825158 10.692505 99159.61
1178456 0.0018048622 0.011973115 -0.009325666 0.1364695 0.2825158 10.702082 99160.45
1178465 -6.037578e-05 0.005711246 -0.00652781 0.1436521 0.2657564 10.642226 99160.45
1178474 -0.0012594573 -0.00028416002 -0.009192435 0.1340753 0.2657564 10.579977 99160.45
1178484 0.0018048622 0.007976176 -0.00546196 0.15562311 0.23702596 10.613496 99160.45
1178493 -0.0008597635 0.013705119 -0.0046625724 0.1316811 0.24420858 10.67814 99160.45
1178506 -0.0008597635 0.018501446 0.0035977644 0.1412579 0.25857376 10.730812 99160.45
1178516 0.00193808976 0.017302364 0.010925483 0.12928688 0.2825158 10.682928 99159.78
1178525 -0.0007265322 0.02103284 0.0118581 0.06703765 0.2657564 10.606314 99159.78
1178535 -0.0028582328 0.012905734 0.009060245 0.11492168 0.24660278 10.627861 99159.78
1178545 0.002204556 0.010241108 -0.0018647164 0.10055647 0.22744916 10.606314 99159.78
1178554 -0.0028582328 0.004911858 -0.0063945784 0.179565132 0.30166942 10.644621 99159.78
1178565 -0.0017923824 0.006377402 -0.0063945784 0.12210429 0.272939 10.647015 99159.78
1178575 0.005002413 0.004778627 -0.007460429 0.15083471 0.33279404 10.58716 99159.78
1178586 0.00047254936 0.013971584 -0.006661041 0.177170932 0.29927522 10.682928 99159.11
1178595 -0.005389625 0.017435596 -0.00972536 0.14844051 0.23702596 10.58716 99159.78
1178605 -0.00339115768 0.02529624 -0.013855528 0.12210429 0.29209262 10.673351 99159.11
1178615 -0.0032579266 0.029159944 -0.0145216852 0.1412579 0.2705448 10.66138 99159.11
1178625 0.00047254936 0.025962394 -0.014121991 0.1316811 0.28491 10.647015 99159.11
1178635 0.00033931808 0.013172196 -0.0063945784 0.12449849 0.29209262 10.642226 99159.11
1178645 0.00033931808 -0.00028416002 -0.010258284 0.11492168 0.24660278 10.675745 99159.11
1178655 0.0027374812 -0.0086777288 0.0013328334 0.10773908 0.272939 10.697293 99158.44
1178665 -0.00192561368 -0.000683853868 -0.00173148516 0.12689268 0.24660278 10.575189 99158.44
1178678 0.00020608678 0.010774033 0.0023986836 0.12210429 0.2896984 10.625467 99157.768
1178687 -0.0032579266 0.011306958 0.0050633084 0.17477672 0.260968 10.67814 99157.768
1178697 0.0016716309 0.022898076 -0.0057284228 0.177170932 0.24660278 10.599131 99157.768
1178708 0.0010054745 0.021698996 -0.009192435 0.16759412 0.2801216 10.635044 99157.768
1178717 0.0046027152 0.012905734 -0.01185706 0.16519992 0.30166942 10.704475 99157.768
1178727 0.00380333152 0.006643865 -0.010391516 0.15562311 0.2896984 10.647015 99157.768
1178766 0.00020608678 0.0133054268 -0.010657978 0.1436521 0.30885202 10.613496 99157.768
1178786 -0.0015259199 0.011706652 -0.009458898 0.095768068 0.23942018 10.694899 99158.44
1178795 0.002204556 0.011173727 -0.012389984 0.1388637 0.2825158 10.666168 99158.44
1178805 -0.004323777 0.008908795 -0.012256753 0.12210429 0.23942018 10.608707 99158.44
1178815 0.0034036376 0.0123728088 -0.008526279 0.14844051 0.29448682 10.623073 99158.44
1178825 -0.0025917702 0.008908795 -0.012389984 0.1388637 0.31603462 10.594342 99158.44
1178835 -0.0012594573 0.01770206 -0.0089259732 0.15801731 0.29448682 10.625467 99158.44
1178845 -0.0028582328 0.01890114 -0.018651854 0.1604115 0.2777274 10.675745 99158.44
1178854 0.0026042462 0.010374339 -0.020916784 0.1364695 0.2873042 10.766725 99158.44
1178864 -0.00019360706 0.003446315 -0.014788147 0.19393034 0.33518824 10.642226 99158.44
1178874 -0.0005933009 0.006377402 -0.0027973354 0.11971009 0.2825158 10.635044 99159.11
1178885 0.0034036376 0.00184754 -0.00679427236 0.1436521 0.2777274 10.625467 99159.11
1178895 0.0027374812 0.0023804648 -0.0051954976 0.1364695 0.24660278 10.654198 99159.11
1178905 -0.0008597635 0.011173727 -0.0098585912 0.16759412 0.2801216 10.548853 99159.11
1178915 -0.00339115768 0.018101752 -0.011590597 0.11252748 0.23942018 10.603919 99159.11
1178925 7.28555e-05 0.0204999132 -0.023581408 0.11731588 0.272939 10.627861 99159.11
1178935 -0.0017923824 0.007976176 -0.023048482 0.12210429 0.25617956 10.670957 99159.11
1178944 -0.0060557816 0.0021140026 -0.019850934 0.1316811 0.30645782 10.682928 99159.11
1178955 -0.0016591512 0.00357954632 -0.004529341 0.12928688 0.29448682 10.589554 99159.11
1178965 0.003536865 0.0038460088 -0.0007988666 0.079008652 0.22984336 10.6398328 99159.11
1178986 0.0066011848 0.016502976 -0.0061281164 0.15083471 0.22505496 10.649409 99159.11
1178995 0.00193808976 0.02303131 -0.019051546 0.15801731 0.24660278 10.589554 99159.11
1179006 -0.007921018 0.027028244 -0.021316478 0.15322891 0.2873042 10.673351 99159.11
1179016 -0.011917958 0.010907264 -0.0245140268 0.16519992 0.272939 10.596737 99158.44
1179025 -0.006721938 0.0015810775 -0.012523215 0.19632454 0.272939 10.618284 99159.31
1179035 0.005402107 0.0014478466 0.003464534 0.1436521 0.25378536 10.620679 99158.44
1179045 0.008866116 0.011706652 0.0055962324 0.184353532 0.24420858 10.572795 99157.768
1179054 0.0064679532 0.013971584 -0.011590597 0.1412579 0.30406362 10.67814 99157.768
1179064 0.0014051683 0.010507571 -0.009325666 0.1388637 0.25617956 10.651803 99157.768
1179077 -0.006189013 0.01783529 -0.02584634 0.088585464 0.272939 10.658986 99157.768
1179085 -0.005789319 0.010507571 -0.02478049 0.15083471 0.2681506 10.656591 99157.768
1179095 -0.005389625 0.009708183 -0.03757069 0.08379706 0.24420858 10.644621 99157.768
1179105 0.0032704026 0.013705119 -0.028377734 0.181959332 0.25857376 10.656591 99157.768
1179115 0.0051356404 0.0191676 -0.02811127 0.1412579 0.272939 10.548853 99157.768
1179125 0.00819996 0.02662855 -0.025046952 0.1388637 0.30645782 10.594342 99157.768
1179135 0.007267341 0.019434064 -0.02278202 0.14604631 0.30885202 10.644621 99157.1
1179144 0.0034036376 0.013038963 -0.029843278 0.12449849 0.2753332 10.623073 99157.1
1179154 0.0015383996 0.0031798524 -0.036238376 0.1364695 0.2753332 10.560823 99157.1
1179164 0.00047254936 0.006643865 -0.03344052 0.1388637 0.31124622 10.69011 99157.1
1179173 0.0008722432 0.008242639 -0.019717704 0.10295067 0.32800564 10.630256 99157.1
1179183 0.004869178 0.011306958 -0.0010653292 0.14844051 0.2753332 10.647015 99157.1
1179193 0.007800266 0.0069103272 0.0125242568 0.088585464 0.2657564 10.680533 99157.1
1179202 0.0011387058 0.0003819964 0.013057182 0.088585464 0.25857376 10.716447 99157.1
1179213 0.0012719333 -0.006546028 5.206093e-07 0.16998832 0.2777274 10.627861 99157.1
1179222 0.004869178 -0.0086777288 -0.010258284 0.15562311 0.24899698 10.611102 99157.1
1179232 0.0015383996 -0.00041739084 -0.008526279 0.15322891 0.30406362 10.623073 99156.43
1179244 -0.00046006964 0.0191676 -0.01838539 0.12928688 0.2753332 10.5919484 99156.43
1179288 0.0018048622 -0.008544496 -0.01185706 0.11252748 0.30645782 10.66138 99157.97
1179297 0.003137175 -0.005879872 -0.0079933532 0.181959332 0.2705448 10.66138 99157.3
1179307 -0.0024585388 -0.007611878 -0.00865951 0.11492168 0.2873042 10.680533 99157.97
1179317 0.0015383996 -0.008144803 -0.005861654 0.1436521 0.260968 10.670957 99157.97
1179326 0.0042030216 -0.010942658 -0.00652781 0.1436521 0.24420858 10.625467 99157.97
1179336 -0.0048567 0.010241108 -0.00053240408 0.179565132 0.25857376 10.632649 99157.97
1179346 -0.0015259199 0.013838351 -0.00053240408 0.14604631 0.23463176 10.596737 99157.97
1179366 -0.00019360706 0.01357189 -0.00972536 0.1364695 0.31124622 10.704475 99157.97
1179375 0.00380333152 0.014371276 -0.00759365936 0.1436521 0.29927522 10.642226 99157.97
1179385 -0.005256394 0.007176789 -0.0063945784 0.15322891 0.29688102 10.697293 99157.97
1179396 -0.0036576204 0.003046621 -0.010391516 0.1316811 0.29209262 10.625467 99157.97
1179405 -0.0013926886 0.011173727 -0.010924441 0.1364695 0.2825158 10.630256 99157.97
1179415 -0.0007265322 0.010507571 -0.012789678 0.15562311 0.2825158 10.618284 99157.97
1179425 0.0011387058 0.021698996 -0.010524747 0.1412579 0.2753332 10.6398328 99157.97
1179434 0.0007390119 0.026228856 -0.011324135 0.16998832 0.29927522 10.620679 99157.97
1179444 -0.0040573144 0.02529624 -0.012523215 0.10295067 0.2873042 10.601525 99157.97
1179457 -0.008587174 0.028360556 -0.01825216 0.1364695 0.2753332 10.670957 99157.97
1179465 -0.0069884008 0.016636208 -0.011190903 0.1364695 0.2681506 10.6637744 99157.97
1179476 -0.004190542 0.010107877 -0.0098585912 0.076614456 0.2777274 10.608707 99157.97
1179486 -0.00685516936 0.0061109408 -0.0061281164 0.12689268 0.24181438 10.675745 99157.97
1179495 0.0043362564 0.004378934 -0.0047958036 0.1364695 0.29927522 10.692505 99158.624
1179505 0.005402107 -0.0062795652 0.0011996022 0.15562311 0.2777274 10.58716 99158.624
1179516 0.007933497 -0.004814022 0.0021322202 0.14844051 0.260968 10.654198 99158.624
1179525 0.0056685692 0.007043559 -0.0051954976 0.15801731 0.24660278 10.6158904 99158.624
1179536 -0.0032579266 0.01144019 -0.008792741 0.1412579 0.2681506 10.611102 99157.97
1179545 -0.0007265322 0.025163006 -0.012789678 0.16998832 0.2801216 10.680533 99158.624
1179555 -0.0013926886 0.021565766 -0.012656447 0.1388637 0.2705448 10.632649 99158.624
1179565 -0.00339115768 0.0191676 -0.00972536 0.1364695 0.30645782 10.6877168 99158.624
1179575 -0.0025917702 0.010907264 -0.008393047 0.16759412 0.33518824 10.685322 99158.624
1179584 -0.0027250014 -0.00095031596 0.002931608 0.191536132 0.2633622 10.642226 99158.624
1179595 0.0015383996 -0.0033484784 0.009859633 0.1388637 0.272939 10.572795 99158.624
1179605 0.00367010016 -0.0022826284 0.007727932 0.16519992 0.25617956 10.620679 99158.624
1179616 -0.003924083 0.00078169024 0.007994395 0.10055647 0.2896984 10.6158904 99157.97
1179627 -0.0021920764 0.007709715 -0.002664104 0.15801731 0.25139116 10.632649 99157.97
1179637 -0.0055228564 0.013838351 0.002931608 0.15562311 0.23463176 10.649409 99158.624
1179647 -0.002058845 0.014504507 0.0011996022 0.15083471 0.24660278 10.721235 99157.97
1179657 0.0023377872 0.0069103272 0.008127626 0.15322891 0.30406362 10.649409 99157.97
1179667 -0.00339115768 0.008242639 0.009193476 0.15322891 0.2825158 10.670957 99157.97
1179677 0.0012719333 0.0026469272 0.013190413 0.15562311 0.30166942 10.673351 99157.97
1179687 -0.0005933009 0.00184754 0.005729465 0.11731588 0.2777274 10.714052 99157.97
1179697 0.0007390119 -0.004814022 -0.0042628784 0.19632454 0.25857376 10.66138 99157.97
1179706 -0.0064554756 0.02329777 -0.016786616 0.15801731 0.24899698 10.67814 99157.97
1179716 -0.009919489 0.0069103272 -0.0135890652 0.14844051 0.2681506 10.637438 99157.97
1179726 -0.0017923824 0.013838351 -0.010391516 0.10055647 0.23702596 10.666168 99157.97
1179736 -0.0060557816 0.015703588 -0.0031970288 0.1388637 0.25139116 10.658986 99157.97
1179745 0.0032704026 0.009308489 -0.0057284228 0.1340753 0.272939 10.599131 99157.97
1179755 -0.0035243892 0.007842945 -0.0025308728 0.15562311 0.25378536 10.620679 99157.97
1179795 -0.006189013 0.021965458 -0.008393047 0.181959332 0.30166942 10.666168 99158.624
1179816 -0.0064554756 0.033689808 -0.014255222 0.02633622 0.2873042 10.737994 99157.97
1179825 -0.0059225504 0.03475566 -0.012123521 0.12928688 0.25617956 10.618284 99157.97
1179837 -0.008853639 -0.005480178 -0.009991822 0.15322891 0.2753332 10.644621 99157.97
1179847 -0.014049655 -0.0010835472 -0.0007988666 0.09816227 0.32561144 10.666168 99157.97
1179856 -0.029637712 -0.015206059 0.013723338 0.189141932 0.34476504 10.670957 99157.3
1179866 -0.0368322 -0.038787988 0.04716438 0.20829556 0.34955344 10.654198 99157.3
1179876 -0.040829136 0.010507571 0.0755426368 0.29688102 0.2705448 10.548853 99157.3
1179886 -0.0036576204 0.018501446 0.10898367 0.371101236 0.11252748 10.314221 99157.3
1179896 0.04417239 0.15319822 0.13936038 -0.33518824 -0.10295067 10.977415 99157.3
1179906 -0.013916425 0.04914463 0.16520725 0.2657564 0.08619126 10.666168 99157.3
1179915 0.018325538 0.11216301 0.059954576 -0.12210429 0.22984336 10.599131 99157.3
1179926 0.01233013 0.2212794 -0.0662154 -1.3670892 0.94810384 13.026852 99157.3
1179935 0.002204556 0.034489192 0.0041306884 -0.11492168 0.30645782 10.948685 99157.97
1179944 -0.002058845 0.024097158 -0.0062613472 0.076614456 0.28491 10.536881 99157.97
1179954 -0.009120101 -0.040786456 0.001599296 -0.0047884032 0.2777274 10.742783 99157.97
1179964 -0.00898687 -0.09914174 -0.0062613472 0.038307228 0.29209262 10.668563 99157.97
1179973 -0.008054249 -0.08302076 -0.008792741 0.093373864 0.30166942 10.606314 99157.97
1179983 -0.010852106 -0.059039136 -0.00679427236 0.49799396 0.2705448 10.409989 99157.97
1179993 -0.008054249 -0.03132704 -0.0089259732 0.34715924 0.24899698 10.503363 99157.97
1180004 -0.0073880948 -0.022800238 -0.010657978 0.21068976 0.24660278 10.599131 99157.97
1180015 -0.0027250014 -0.008411266 -0.014921378 0.191536132 0.22266076 10.644621 99157.3
1180025 -0.0024585388 -0.006945722 -0.01305614 0.1604115 0.22505496 10.608707 99157.3
1180034 -6.037578e-05 0.008908795 -0.009592129 0.14844051 0.23223756 10.644621 99157.3
1180044 0.0051356404 0.007310021 -0.00759365936 0.10534488 0.20590134 10.6158904 99157.3
1180054 0.00673441968 0.00078169024 -0.013322603 0.15801731 0.2657564 10.6398328 99157.3
1180066 0.018991694 0.04568062 -0.01612046 0.23702596 0.2825158 10.532093 99157.3
1180075 0.012596589 0.07432534 -0.024247564 0.15801731 0.25378536 10.625467 99157.3
1180085 0.00380333152 0.033290116 -0.02371464 0.05746084 0.260968 10.66138 99157.3
1180094 -0.005389625 0.010107877 -0.043699324 0.08140286 0.22266076 10.675745 99157.3
1180104 -0.00725486136 0.006244171 -0.093261348 0.90500824 -0.22984336 10.931925 99156.624
1180114 -0.00192561368 0.083385064 -0.170402224 0.07182605 -0.361524436 11.145009 99156.624
1180126 0.024720636 0.021565766 -0.16387391 0.23463176 0.22505496 10.548853 99156.624
1180136 0.032181584 -0.022267314 -0.15747881 0.12449849 0.19632454 10.5440648 99155.95
1180146 0.06069307 -0.014806366 -0.12790146 0.110133272 0.29209262 10.776301 99155.95
1180157 0.016726762 -0.051178496 -0.063550784 0.22744916 0.45489832 10.730812 99155.95
1180166 0.00993197 -0.07036379 0.010925483 0.20350714 0.39504328 10.673351 99155.95
1180178 0.014195364 -0.02186762 0.07980603 0.32561144 0.375889668 10.500969 99155.95
1180188 0.016460296 0.022098688 0.08633436 0.23463176 0.30406362 10.565612 99155.95
1180197 0.011131048 0.05140956 0.081404808 0.184353532 0.24181438 10.563218 99155.29
1180208 0.0042030216 0.072993024 0.07847372 0.14604631 0.24420858 10.579977 99155.29
1180218 0.0020713248 0.07978781 0.06368505 0.07182605 0.23942018 10.656591 99155.29
1180227 -0.0017923824 0.07219364 0.0350403336 0.12449849 0.217872352 10.668563 99155.29
1180237 -0.0073880948 0.047812316 0.0050633084 0.04070143 0.220266544 10.704475 99155.29
1180248 0.0010054745 0.018368212 -0.014255222 0.17477672 0.29688102 10.632649 99155.29
1180257 -0.0007265322 0.013971584 -0.009592129 0.11971009 0.30885202 10.692505 99155.29
1180267 0.0008722432 0.0186346768 -0.00759365936 0.10773908 0.29448682 10.642226 99155.29
1180312 0.0034036376 0.010907264 -0.0069275037 0.11492168 0.2657564 10.6398328 99155.95
1180322 0.0018048622 0.002513696 -0.00119856 0.12689268 0.2633622 10.613496 99155.95
1180331 0.0014051683 0.0074432516 -0.007060735 0.1316811 0.2633622 10.673351 99155.95
1180342 -0.0037908516 0.006244171 -0.0023976416 0.06464344 0.2681506 10.666168 99155.95
1180351 0.0043362564 0.0042457028 -0.004529341 0.1364695 0.320823 10.582372 99155.95
1180360 -0.005789319 0.011306958 -0.00546196 0.1388637 0.2873042 10.606314 99156.624
1180370 -0.00192561368 0.017035902 -0.007726891 0.1388637 0.25378536 10.630256 99156.624
1180380 -0.001126226 0.018234984 -0.0089259732 0.1436521 0.2705448 10.682928 99156.624
1180391 -0.0008597635 0.019700526 -0.008792741 0.20350714 0.29209262 10.630256 99156.624
1180402 -0.0040573144 0.025163006 5.206093e-07 0.17238252 0.2705448 10.654198 99155.768
1180416 0.0014051683 0.008375872 0.007994395 0.04070143 0.25378536 10.658986 99156.624
1180425 0.005002413 0.0133054268 0.0125242568 0.1364695 0.272939 10.651803 99156.624
1180435 -0.00046006964 0.01996699 0.009193476 0.093373864 0.24660278 10.611102 99155.768
1180445 -0.00339115768 0.011173727 0.008394089 0.17477672 0.23463176 10.627861 99155.09
1180455 -0.0016591512 0.016369746 0.004930076 0.088585464 0.2825158 10.668563 99155.09
1180465 0.003536865 0.014904203 0.014123032 0.1412579 0.2657564 10.611102 99155.09
1180475 -0.0028582328 0.012639271 0.02997755 0.08619126 0.260968 10.658986 99155.09
1180484 0.0010054745 0.011573421 0.049429312 0.062249244 0.29927522 10.623073 99155.09
1180494 -0.005656088 0.007709715 0.05329302 0.181959332 0.272939 10.692505 99155.09
1180504 0.0012719333 0.017169132 0.03970343 0.23463176 0.25857376 10.642226 99155.09
1180513 0.0020713248 0.014504507 0.026646768 0.10534488 0.2873042 10.635044 99155.09
1180523 -0.0028582328 0.009308489 0.023449222 0.12210429 0.23223756 10.6398328 99154.42
1180534 -0.0013926886 0.008908795 0.007594701 0.15801731 0.23942018 10.563218 99154.42
1180543 -0.00019360706 0.0054447832 0.003464534 0.10055647 0.3184288 10.642226 99154.42
1180553 0.003137175 0.010241108 0.017054118 0.06703765 0.33518824 10.627861 99154.42
1180565 -0.0015259199 0.004378934 0.0459653 0.033518824 0.2801216 10.611102 99154.42
1180574 -0.0012594573 0.013172196 0.06341859 0.009576807 0.30885202 10.5680068 99154.42
1180585 -0.0036576204 0.016502976 0.08620113 0.177170932 0.21068976 10.6158904 99154.42
1180595 -0.0015259199 -0.000683853868 0.032908632 0.2753332 0.21308396 10.594342 99155.09
1180604 0.0023377872 0.0009149215 0.013856569 0.17477672 0.2777274 10.627861 99155.09
1180615 0.00193808976 -0.017737452 0.00532977 0.21547816 0.19632454 10.579977 99155.09
1180625 0.005002413 -0.04131938 0.0035977644 0.0 0.2753332 10.637438 99155.09
1180634 0.008466423 -0.051444956 0.001599296 0.23463176 0.2753332 10.632649 99155.09
1180644 0.0032704026 -0.04731479 -0.00066563532 0.22266076 0.29927522 10.611102 99155.09
1180654 0.0015383996 0.014904203 -0.008393047 0.11252748 0.2896984 10.699687 99155.09
1180663 0.0051356404 0.0123728088 -0.002664104 0.110133272 0.31603462 10.6877168 99155.09
1180674 -0.0012594573 0.0010481523 5.206093e-07 0.1364695 0.28491 10.656591 99155.09
1180684 -0.00046006964 0.008642333 -0.011457366 0.11971009 0.29927522 10.55843 99155.09
1180693 0.0010054745 0.0033130836 -0.0117238284 0.14844051 0.30166942 10.649409 99155.09
1180704 -0.0028582328 0.009841414 -0.012922909 0.1340753 0.2753332 10.6158904 99154.42
1180714 -0.0017923824 0.017302364 -0.010524747 0.1388637 0.2777274 10.666168 99154.42
1180723 -0.0031246952 0.019700526 -0.01185706 0.17477672 0.2777274 10.66138 99154.42
1180735 0.0028707088 0.02529624 -0.023981102 0.1388637 0.2777274 10.7356 99154.42
1180745 -0.0031246952 0.048611708 -0.010924441 0.20111294 0.22984336 10.553641 99154.42
1180754 -0.0016591512 0.071793932 -0.01505461 0.1412579 0.25378536 10.630256 99155.09
1180764 -0.001126226 0.05553973 -0.009325666 0.033518824 0.30406362 10.769119 99155.09
1180774 -0.0040573144 0.015303895 -0.009592129 0.1316811 0.2705448 10.6877168 99155.09
1180783 0.00367010016 0.009308489 -0.00759365936 0.09816227 0.260968 10.728417 99155.09
1180829 0.0011387058 -0.013074359 -0.009458898 0.1436521 0.2777274 10.66138 99155.768
1180846 0.003137175 -0.004947253 -0.0098585912 0.2873042 0.2896984 10.532093 99155.09
1180855 -0.001126226 0.0051783208 -0.008126585 0.2777274 0.29688102 10.386047 99155.09
1180864 -0.00032683836 -0.00028416002 -0.012123521 0.06703765 0.2681506 10.709264 99155.09
1180874 -0.0021920764 0.0006484585 -0.009192435 0.110133272 0.25139116 10.69011 99154.25
1180885 -0.00019360706 0.0041124704 -0.010924441 0.110133272 0.25139116 10.680533 99154.25
1180894 0.0024710186 0.009974645 -0.011190903 0.16759412 0.25857376 10.6158904 99154.25
1180905 -0.0024585388 0.008509101 -0.009325666 0.189141932 0.29688102 10.584765 99154.92
1180915 0.0015383996 0.00397924 -0.016386922 0.1604115 0.31124622 10.632649 99155.768
1180924 0.0018048622 0.015037432 -0.0055951916 0.16759412 0.30406362 10.608707 99155.768
1180935 -6.037578e-05 0.016103282 -0.00759365936 0.186747732 0.28491 10.647015 99154.92
1180947 -0.0012594573 0.017035902 -0.0089259732 0.177170932 0.32800564 10.647015 99154.92
1180957 -0.0013926886 0.015303895 -0.012389984 0.12210429 0.2705448 10.5919484 99154.92
1180967 0.005801797 0.015037432 -0.01612046 0.1436521 0.25857376 10.637438 99154.92
1180977 -0.002058845 0.015437128 -0.01185706 0.08619126 0.21547816 10.635044 99154.92
1180987 -0.0028582328 0.014770972 -0.01185706 0.1364695 0.217872352 10.618284 99155.59
1180996 -0.004190542 0.012239577 -0.014255222 0.045489832 0.23942018 10.644621 99155.59
1181006 -6.037578e-05 0.023164538 -0.015720766 0.19632454 0.24660278 10.579977 99155.59
1181017 -0.002991464 0.057538196 -0.036105144 0.1604115 0.22505496 10.632649 99155.59
1181026 0.002204556 0.057404964 -0.05062735 0.1388637 0.32321724 10.601525 99155.59
1181036 -0.0023253076 0.04168368 -0.043033168 0.11252748 0.2825158 10.642226 99155.59
1181046 -0.00019360706 0.0191676 -0.036105144 0.1604115 0.29927522 10.670957 99155.59
1181055 0.003137175 0.008509101 -0.013322603 0.11492168 0.371101236 10.699687 99155.59
1181065 -0.0027250014 0.0061109408 -0.0071939668 0.15083471 0.25378536 10.642226 99155.59
1181075 -0.005789319 0.011306958 -0.0098585912 0.12689268 0.2873042 10.572795 99155.59
1181084 -0.004190542 0.023697462 -0.017452772 0.12449849 0.2657564 10.5440648 99155.59
1181095 -0.0016591512 0.04035137 -0.029976508 0.06943185 0.177170932 10.649409 99155.59
1181105 -0.0051231644 0.0191676 -0.048229188 0.12928688 0.23702596 10.644621 99155.59
1181116 -0.004190542 0.02756117 -0.065416016 0.08140286 0.2896984 10.654198 99155.59
1181126 -0.0005933009 0.022764844 -0.0507605832 0.179565132 0.29927522 10.644621 99155.59
1181136 0.008732885 0.030092564 0.22835886 6.615179 -1.3455414 8.236053 99155.59
1181145 -0.00898687 -0.07968998 0.12696989 0.4285621 0.45010992 10.192117 99155.59
1181155 -0.014582582 -0.0133408216 0.10458705 0.17238252 0.093373864 10.201694 99155.59
1181166 -0.0007265322 0.027028244 -0.019850934 0.2657564 0.34476504 10.524911 99155.59
1181175 0.006334726 0.020366682 -0.013855528 0.062249244 0.2896984 10.702082 99155.59
1181185 0.006068263 0.01357189 -0.010524747 0.12449849 0.29688102 10.6398328 99155.59
1181195 0.0018048622 -0.0008170847 -0.00546196 0.179565132 0.29209262 10.58716 99155.59
1181204 -0.005656088 0.003046621 -0.00066563532 0.095768068 0.21547816 10.630256 99156.264
1181215 0.0047359504 0.00397924 0.021983676 -0.019153614 0.2777274 10.680533 99156.264
1181225 0.0055353344 0.01463774 0.021983676 0.019153614 0.28491 10.649409 99156.264
1181234 0.0034036376 0.0037127776 0.042634516 -0.12928688 0.39983168 10.651803 99156.264
1181244 0.007800266 -0.019336228 0.054891788 -0.06703765 0.3854665 10.675745 99156.264
1181254 -0.00019360706 -0.07542658 0.06341859 -0.16998832 0.356736068 10.800244 99156.264
1181266 -0.001126226 -0.12725353 0.066083216 0.3184288 0.3854665 10.328587 99156.264
1181275 -0.0049899312 -0.096876816 0.065017368 0.10055647 0.2753332 10.651803 99156.264
1181287 -0.00339115768 -0.058905908 0.07474325 -0.11492168 0.24660278 10.582372 99156.264
1181338 -0.007121632 -0.04984618 0.0035977644 0.59136784 0.14844051 10.582372 99155.59
1181347 -0.00032683836 0.025562702 0.005729465 0.50517652 0.079008652 10.479421 99155.59
1181357 0.005935028 0.08205275 0.013190413 0.2681506 0.23223756 10.55843 99156.264
1181367 -0.007121632 0.09364387 -0.012523215 0.04070143 0.15083471 10.888829 99156.264
1181376 0.003137175 0.07738966 -0.014121991 0.20590134 0.23223756 10.630256 99156.264
1181387 0.00193808976 0.08005428 -0.013455834 0.184353532 0.2873042 10.635044 99156.264
1181397 -0.0009929948 0.09004662 -0.010924441 0.22266076 0.24660278 10.680533 99156.264
1181406 0.0018048622 0.08964693 -0.021582938 0.14604631 0.2801216 10.694899 99156.264
1181417 0.005935028 0.066731152 -0.038370076 0.11731588 0.25617956 10.699687 99156.264
1181427 0.004069794 0.031424876 -0.03570545 0.11971009 0.30166942 10.666168 99156.264
1181436 0.00047254936 0.030092564 -0.02491372 0.1316811 0.272939 10.709264 99156.264
1181446 0.0023377872 0.025562702 -0.020250628 0.1316811 0.20590134 10.670957 99156.264
1181456 0.00033931808 0.007709715 -0.032507904 0.11731588 0.24899698 10.654198 99156.264
1181466 0.0027374812 0.009708183 -0.04116793 0.14604631 0.25378536 10.632649 99156.264
1181476 0.0007390119 -0.0024158598 -0.04423225 0.177170932 0.260968 10.623073 99156.264
1181486 -0.0021920764 0.011573421 -0.0452981 0.16519992 0.25378536 10.546458 99156.264
1181497 -0.004723469 0.0191676 -0.059154144 0.15083471 0.28491 10.644621 99156.264
1181507 0.0023377872 0.021832226 -0.02384787 0.16280572 0.363918668 10.630256 99156.264
1181518 -0.0031246952 0.024496852 -0.01505461 0.12210429 0.2681506 10.623073 99156.264
1181527 -0.0035243892 0.009974645 -0.024647258 0.14604631 0.24181438 10.670957 99156.264
1181537 -0.0005933009 0.006244171 -0.038769768 0.1316811 0.29448682 10.647015 99156.264
1181547 0.0007390119 0.007842945 -0.029443582 0.20350714 0.2657564 10.625467 99156.94
1181566 0.00020608678 0.016636208 -0.00679427236 0.14604631 0.2896984 10.575189 99156.94
1181575 0.008599654 0.014770972 0.005729465 0.1436521 0.2777274 10.66138 99156.94
1181585 -0.0028582328 0.023830696 0.003997458 0.09816227 0.23942018 10.666168 99157.59
1181595 0.00033931808 0.034489192 -0.0027973354 0.1340753 0.23942018 10.625467 99157.59
1181604 0.0015383996 0.038219668 -0.0061281164 0.1316811 0.2657564 10.649409 99157.59
1181614 -0.00685516936 0.036887356 -0.0023976416 0.15801731 0.2753332 10.579977 99157.59
1181625 -0.006189013 0.035821504 -0.00972536 0.12689268 0.2777274 10.654198 99157.59
1181633 -0.008187482 0.0348888868 -0.02051709 0.1340753 0.2896984 10.613496 99157.59
1181643 -0.0025917702 0.018501446 -0.007726891 0.12449849 0.2801216 10.651803 99157.59
1181653 0.004469488 0.0017143088 -0.008259816 0.08140286 0.24181438 10.673351 99157.59
1181662 0.008466423 -0.012941128 -0.007460429 0.11492168 0.25857376 10.704475 99157.59
1181673 0.007000882 -0.0010835472 -0.00119856 0.189141932 0.29927522 10.589554 99157.59
1181685 0.0014051683 0.025029776 -0.01185706 0.1604115 0.2777274 10.668563 99157.59
1181694 -0.005389625 0.024630082 -0.012523215 0.17238252 0.260968 10.599131 99157.59
1181704 -0.0055228564 0.02303131 -0.0047958036 0.1604115 0.2801216 10.620679 99157.59
1181714 -0.0035243892 0.019300834 -0.0042628784 0.1340753 0.2873042 10.651803 99157.59
1181723 -0.0007265322 0.012106346 -0.0015982543 0.11731588 0.23942018 10.647015 99156.94
1181733 0.0012719333 0.0041124704 0.007594701 0.1364695 0.2633622 10.66138 99156.94
1181743 0.00740057236 0.0045121644 0.011325177 0.11252748 0.272939 10.630256 99156.94
1181752 0.003536865 0.0054447832 0.014655957 0.16280572 0.2705448 10.5919484 99156.94
1181763 0.0026042462 0.012772502 0.010525789 0.093373864 0.2633622 10.644621 99156.94
1181773 0.0014051683 0.011173727 -0.006661041 0.11252748 0.2657564 10.642226 99156.94
1181782 0.00033931808 0.004911858 -0.016253692 0.14604631 0.2801216 10.6398328 99156.94
1181792 0.007267341 0.0065106336 -0.014654916 0.17477672 0.25617956 10.6158904 99156.94
1181803 0.0034036376 0.006377402 -0.009458898 0.1316811 0.31364042 10.5919484 99156.94
1181812 0.0012719333 0.005844477 -0.011990291 0.16280572 0.29448682 10.647015 99156.94
1181857 -6.037578e-05 0.009175258 -0.0063945784 0.06943185 0.320823 10.651803 99156.94
1181875 -0.0021920764 0.007576483 0.010126095 0.184353532 0.30885202 10.635044 99156.94
1181886 0.008066729 0.010907264 0.03397449 0.1364695 0.272939 10.644621 99156.94
1181897 -0.0015259199 0.008908795 0.019718746 0.12449849 0.272939 10.670957 99156.94
1181907 -0.0005933009 0.0003819964 -0.0057284228 0.11731588 0.25617956 10.673351 99156.94
1181917 -0.0017923824 0.0054447832 -0.00972536 0.1316811 0.2705448 10.611102 99156.94
1181926 0.0023377872 0.0013146154 -0.00972536 0.10295067 0.272939 10.6877168 99156.94
1181936 -0.0008597635 0.007976176 -0.013322603 0.16280572 0.272939 10.651803 99156.94
1181945 0.0026042462 0.01583682 -0.0089259732 0.1436521 0.23702596 10.608707 99156.94
1181955 0.00193808976 0.010107877 -0.007460429 0.15322891 0.28491 10.709264 99156.94
1181965 0.0018048622 0.00397924 -0.0019979482 0.184353532 0.2633622 10.6877168 99156.94
1181975 -0.002991464 -0.0014832411 0.014655957 0.14604631 0.2705448 10.647015 99156.264
1181985 -0.0036576204 0.0015810775 0.02997755 0.14604631 0.2777274 10.625467 99156.94
1181995 0.00193808976 0.00078169024 0.023049526 0.095768068 0.25378536 10.647015 99156.264
1182006 0.005801797 0.006377402 -0.0013317913 0.10534488 0.23223756 10.654198 99156.94
1182015 0.0010054745 0.008509101 -0.0033302604 0.177170932 0.260968 10.651803 99156.94
1182025 -6.037578e-05 0.011306958 -0.010657978 0.14844051 0.2801216 10.630256 99156.94
1182035 -0.0015259199 0.008775566 -0.008792741 0.1388637 0.2801216 10.70687 99156.94
1182044 0.0008722432 0.009308489 -0.007060735 0.17238252 0.23223756 10.654198 99156.94
1182054 -0.0016591512 0.007976176 -0.0107912092 0.17477672 0.2633622 10.654198 99156.94
1182066 -0.0008597635 0.017169132 -0.00679427236 0.1388637 0.29209262 10.67814 99156.264
1182075 -0.002991464 0.02103284 -0.007726891 0.1412579 0.2801216 10.625467 99156.264
1182085 0.00020608678 0.014770972 -0.009325666 0.1436521 0.2873042 10.632649 99156.264
1182095 0.00380333152 0.015037432 -0.010524747 0.16998832 0.30885202 10.644621 99156.264
1182105 0.00033931808 0.00397924 -0.013988759 0.11492168 0.25378536 10.6398328 99156.264
1182115 -0.0012594573 0.0006484585 -0.005861654 0.14844051 0.2825158 10.620679 99155.59
1182125 0.0010054745 0.00184754 -0.00972536 0.11971009 0.2633622 10.6637744 99155.59
1182136 -0.005656088 0.009708183 -0.005861654 0.21308396 0.272939 10.594342 99155.59
1182144 -0.0007265322 0.022365152 -0.0063945784 0.19632454 0.29209262 10.670957 99155.59
1182154 0.0006057769 0.027294706 -0.008393047 0.15801731 0.2657564 10.618284 99155.59
1182164 -6.037578e-05 0.020633144 -0.013722297 0.19632454 0.2801216 10.635044 99155.59
1182174 -0.002058845 0.01690267 -0.012656447 0.09816227 0.2777274 10.7116584 99155.59
1182184 0.0008722432 0.0059777084 -0.0079933532 0.16519992 0.2705448 10.649409 99155.59
1182194 0.0008722432 0.0061109408 -0.007060735 0.093373864 0.23223756 10.670957 99155.59
1182203 -0.00032683836 0.011839883 -0.0063945784 0.15083471 0.2753332 10.644621 99155.59
1182213 -0.0012594573 0.014104815 -0.010258284 0.16759412 0.272939 10.637438 99155.59
1182223 0.00047254936 0.017035902 -0.008393047 0.1364695 0.29927522 10.601525 99155.59
1182234 0.0014051683 0.01996699 -0.011457366 0.20111294 0.2801216 10.596737 99155.59
1182245 7.28555e-05 0.020366682 -0.011190903 0.12928688 0.2753332 10.6398328 99155.59
1182255 -0.0017923824 0.012239577 -0.009991822 0.093373864 0.2705448 10.632649 99156.43
1182264 0.00740057236 0.005711246 -0.012389984 0.186747732 0.33997664 10.656591 99156.43
1182274 0.0012719333 0.007576483 -0.0069275037 0.1340753 0.29209262 10.721235 99156.43
1182285 7.28555e-05 0.002513696 -0.0051954976 0.16280572 0.2657564 10.620679 99156.43
1182294 0.0012719333 0.0069103272 -0.011590597 0.1436521 0.25139116 10.642226 99156.43
1182304 0.0020713248 0.009308489 -0.0051954976 0.12689268 0.2633622 10.642226 99156.43
1182314 -0.0007265322 0.013172196 -0.0089259732 0.14604631 0.25139116 10.658986 99155.768
1182323 0.003536865 0.009574952 -0.0057284228 0.1412579 0.23223756 10.627861 99156.43
1182371 0.0047359504 0.014104815 -0.010657978 0.1316811 0.25857376 10.582372 99155.768
1182386 -0.002991464 0.014504507 -0.012656447 0.12449849 0.2705448 10.572795 99156.43
1182396 -0.0021920764 0.013971584 -0.022515558 0.14844051 0.28491 10.635044 99155.59
1182405 -0.0032579266 0.0041124704 -0.012389984 0.16519992 0.2896984 10.642226 99155.59
1182415 0.0043362564 0.0021140026 -0.0063945784 0.12210429 0.24420858 10.716447 99156.43
1182426 -0.0007265322 0.0013146154 -0.0062613472 0.17238252 0.28491 10.601525 99156.43
1182435 -0.0016591512 0.011040496 -0.009458898 0.15801731 0.2873042 10.620679 99156.43
1182447 -0.0032579266 0.009708183 -0.00759365936 0.181959332 0.24660278 10.584765 99156.43
1182457 -0.0027250014 0.0201002216 -0.00652781 0.15562311 0.272939 10.620679 99156.43
1182467 -0.0012594573 0.017035902 -0.010524747 0.15801731 0.29448682 10.680533 99156.43
1182477 0.0010054745 0.0023804648 -0.010125053 0.1316811 0.2896984 10.716447 99156.43
1182487 -0.0013926886 0.0031798524 -0.007860122 0.08619126 0.25378536 10.630256 99156.43
1182496 0.00193808976 -0.0038814032 -0.015853998 0.10773908 0.2657564 10.649409 99156.43
1182507 -0.0051231644 -0.00734541536 -0.008792741 0.15562311 0.29448682 10.620679 99156.43
1182517 -6.037578e-05 -0.0008170847 -0.014121991 0.17238252 0.32800564 10.654198 99156.43
1182527 -0.00046006964 0.0054447832 -0.009592129 0.1388637 0.29927522 10.623073 99156.43
1182537 0.00020608678 0.007976176 -0.010524747 0.15083471 0.2825158 10.6398328 99156.43
1182547 0.0008722432 0.0054447832 -0.005994885 0.1436521 0.23223756 10.666168 99156.43
1182566 -0.0024585388 -0.023333164 -0.00652781 0.12928688 0.25378536 10.632649 99156.43
1182575 0.0011387058 -0.014673134 -0.007060735 0.14604631 0.260968 10.620679 99156.43
1182585 0.0006057769 -0.013607284 -0.005861654 0.20111294 0.28491 10.589554 99156.43
1182594 -0.00019360706 -0.003215247 -0.0019979482 0.15801731 0.272939 10.603919 99156.43
1182604 0.0018048622 0.0059777084 -0.0007988666 0.15562311 0.220266544 10.651803 99156.43
1182614 0.0011387058 0.022764844 -0.010924441 0.191536132 0.28491 10.66138 99156.43
1182626 -0.0013926886 0.027827632 -0.0107912092 0.16998832 0.2681506 10.606314 99156.43
1182636 0.0030039436 0.019833756 -0.008393047 0.16998832 0.2873042 10.637438 99156.43
1182646 0.0047359504 0.022631614 -0.012389984 0.16759412 0.31124622 10.611102 99156.43
1182656 0.0010054745 0.017302364 -0.008126585 0.1436521 0.2753332 10.682928 99156.43
1182665 0.00193808976 0.0051783208 -0.008526279 0.12210429 0.29448682 10.649409 99156.43
1182676 0.0008722432 0.00397924 -0.009458898 0.17477672 0.32321724 10.589554 99156.43
1182685 -0.00192561368 0.010907264 -0.00865951 0.12449849 0.2873042 10.596737 99156.43
1182695 -0.0031246952 0.018767908 -0.01305614 0.17238252 0.29448682 10.599131 99156.43
1182705 0.0020713248 0.020899608 -0.00759365936 0.12210429 0.23702596 10.651803 99156.43
1182715 -0.0027250014 0.02116607 -0.0107912092 0.17477672 0.220266544 10.599131 99156.43
1182725 -0.0013926886 0.015437128 -0.009325666 0.1340753 0.2657564 10.685322 99156.43
1182735 0.0026042462 0.0123728088 -0.007327197 0.1604115 0.31603462 10.668563 99156.43
1182745 -0.0025917702 -0.00041739084 -0.008792741 0.14604631 0.2657564 10.654198 99157.1
1182766 -0.004457008 -0.01760422 -0.012789678 0.12689268 0.2705448 10.675745 99156.43
1182774 -0.0016591512 -0.024132552 -0.00652781 0.1604115 0.28491 10.582372 99156.43
1182784 -0.00192561368 -0.003215247 -0.012656447 0.20829556 0.29927522 10.627861 99156.43
1182795 -0.00046006964 0.014770972 -0.008792741 0.19871874 0.29209262 10.635044 99156.43
1182806 0.0030039436 0.009974645 -0.008259816 0.17238252 0.2777274 10.620679 99156.43
1182816 7.28555e-05 0.0051783208 -0.008393047 0.16759412 0.29209262 10.651803 99156.43
1182826 -0.0007265322 0.0065106336 -0.007060735 0.16519992 0.2777274 10.6398328 99156.43
1182835 0.004869178 0.010640802 -0.0098585912 0.16998832 0.2777274 10.670957 99156.43
1182845 -0.0005933009 0.010107877 -0.009192435 0.14604631 0.25139116 10.6158904 99156.43
1182893 -0.00339115768 0.0033130836 -0.0062613472 0.1412579 0.2896984 10.613496 99156.43
1182902 -0.0007265322 0.0013146154 -0.014121991 0.21068976 0.31364042 10.656591 99156.43
1182912 7.28555e-05 -1.7697458e-05 -0.012123521 0.20350714 0.2777274 10.635044 99156.43
1182922 -0.002991464 0.011839883 -0.014255222 0.181959332 0.2705448 10.55843 99156.43
1182932 -0.0025917702 0.01783529 -0.0039964164 0.14604631 0.2873042 10.5680068 99156.43
1182942 0.00020608678 0.020233452 -0.009059204 0.15083471 0.2705448 10.625467 99156.43
1182952 -0.00046006964 0.018234984 -0.0107912092 0.15322891 0.30406362 10.635044 99156.43
1182966 0.0024710186 0.0256959332 -0.017053078 0.1388637 0.2657564 10.630256 99156.43
1182975 0.0011387058 0.026362088 -0.017586004 0.16998832 0.2705448 10.6398328 99156.43
1182986 -0.0012594573 0.01770206 -0.02051709 0.16280572 0.2873042 10.699687 99156.43
1182996 7.28555e-05 0.013705119 -0.0189183152 0.12449849 0.272939 10.623073 99156.43
1183005 0.003137175 0.012905734 -0.014921378 0.186747732 0.2705448 10.601525 99156.43
1183017 0.0018048622 0.007043559 -0.011457366 0.181959332 0.2705448 10.656591 99157.1
1183028 -6.037578e-05 -0.0014832411 -0.00972536 0.14604631 0.29448682 10.596737 99156.43
1183037 -0.0023253076 0.0009149215 -0.0071939668 0.15083471 0.2825158 10.658986 99156.43
1183047 -0.001126226 0.009974645 -0.009325666 0.15562311 0.30645782 10.644621 99157.1
1183057 0.0008722432 0.010374339 -0.01185706 0.16998832 0.2705448 10.642226 99157.1
1183066 -6.037578e-05 0.010374339 -0.009592129 0.20590134 0.25617956 10.644621 99157.1
1183076 0.0024710186 0.0090420264 -0.014121991 0.15801731 0.24660278 10.637438 99157.1
1183086 -0.0013926886 0.007576483 -0.020250628 0.181959332 0.31603462 10.589554 99157.1
1183096 -6.037578e-05 0.009841414 -0.009592129 0.15801731 0.2633622 10.613496 99157.1
1183106 -0.002058845 0.007976176 -0.0098585912 0.19393034 0.25617956 10.627861 99157.1
1183116 -0.0024585388 0.017568826 -0.012523215 0.15801731 0.2633622 10.611102 99157.1
1183125 -0.0021920764 0.0186346768 -0.023048482 0.12449849 0.272939 10.635044 99157.1
1183135 -0.0007265322 0.010774033 -0.0057284228 0.15562311 0.2896984 10.680533 99157.1
1183145 -0.0013926886 0.0055780144 -0.0062613472 0.12449849 0.2777274 10.630256 99157.1
1183154 0.0008722432 -0.008411266 -0.0062613472 0.1388637 0.25857376 10.685322 99157.1
1183164 -0.0040573144 -0.01760422 -0.00972536 0.1364695 0.30166942 10.685322 99156.264
1183174 0.0007390119 -0.016671602 -0.0022644102 0.16998832 0.2825158 10.673351 99156.264
1183183 -0.00019360706 -0.011475584 -0.0071939668 0.181959332 0.25139116 10.608707 99156.264
1183196 0.002204556 0.019700526 -0.012789678 0.17477672 0.2825158 10.625467 99157.1
1183206 -0.0036576204 0.039152288 -0.025046952 0.186747732 0.2753332 10.560823 99157.1
1183215 0.0006057769 0.050210484 -0.017053078 0.189141932 0.29448682 10.649409 99157.1
1183226 0.0047359504 0.0362212 -0.007460429 0.12210429 0.260968 10.692505 99156.43
1183236 0.0043362564 0.014770972 -0.0038631852 0.15322891 0.2753332 10.654198 99157.1
1183245 -0.00192561368 0.0011813836 -0.013322603 0.20350714 0.28491 10.635044 99157.1
1183255 -0.0005933009 -0.0077451096 -0.010125053 0.184353532 0.29927522 10.632649 99156.43
1183266 -0.0017923824 -0.0016164722 -0.005328729 0.179565132 0.2825158 10.658986 99156.43
1183286 0.0016716309 0.011306958 -0.010657978 0.15083471 0.272939 10.599131 99156.43
1183295 -0.001126226 0.020233452 -0.0025308728 0.16519992 0.25617956 10.613496 99156.43
1183305 7.28555e-05 0.017435596 -0.009458898 0.16998832 0.2681506 10.632649 99156.43
1183315 -0.0008597635 0.010774033 -0.010924441 0.14844051 0.2801216 10.627861 99156.43
1183324 0.0006057769 0.004911858 -0.009592129 0.1436521 0.272939 10.654198 99156.43
1183334 -0.0016591512 0.0009149215 -0.0051954976 0.093373864 0.29448682 10.632649 99155.768
1183344 -0.0031246952 -0.00361494068 -0.011057672 0.17477672 0.25139116 10.6637744 99155.768
1183354 0.00033931808 0.0019807712 -0.011324135 0.191536132 0.2777274 10.632649 99156.43
1183364 0.0043362564 0.009708183 -0.00865951 0.17477672 0.2801216 10.58716 99156.43
1183411 0.0020713248 0.012905734 -0.012256753 0.11731588 0.272939 10.680533 99155.768
1183420 -0.002058845 0.010640802 -0.012523215 0.15322891 0.28491 10.656591 99156.43
1183430 -0.001126226 0.012772502 -0.013988759 0.17238252 0.29448682 10.670957 99156.43
1183440 -0.0008597635 0.022498382 -0.012123521 0.21308396 0.272939 10.637438 99156.43
1183449 -0.0024585388 0.03169134 -0.017053078 0.186747732 0.2705448 10.575189 99156.43
1183460 -0.00046006964 0.026095628 -0.024380796 0.20829556 0.29209262 10.589554 99156.43
1183470 0.0024710186 0.026228856 -0.015321072 0.177170932 0.2873042 10.630256 99155.768
1183486 -0.004457008 0.007310021 -0.009325666 0.1364695 0.2825158 10.673351 99156.43
1183495 0.0023377872 -0.005346947 -0.013722297 0.1340753 0.28491 10.637438 99156.43
1183504 0.0015383996 -0.007078953 -0.010391516 0.189141932 0.2657564 10.603919 99156.43
1183515 -0.0007265322 -0.0008170847 -0.0018647164 0.17477672 0.30645782 10.618284 99155.768
1183524 -0.0051231644 0.014104815 -0.00865951 0.20350714 0.29448682 10.635044 99155.768
1183534 0.0015383996 0.026495318 -0.010657978 0.17477672 0.2896984 10.673351 99155.768
1183544 0.006867647 0.031158414 -0.011590597 0.1316811 0.2777274 10.618284 99155.768
1183553 0.0051356404 0.015970052 -0.010524747 0.1412579 0.2777274 10.6637744 99155.768
1183564 0.0016716309 0.009175258 -0.007860122 0.177170932 0.260968 10.642226 99155.768
1183574 -0.0008597635 -0.0029487844 -0.0107912092 0.17477672 0.25139116 10.69011 99155.768
1183585 -0.0012594573 -0.00361494068 -0.00679427236 0.19393034 0.2633622 10.651803 99155.768
1183596 0.004469488 0.0011813836 -0.012123521 0.16759412 0.2705448 10.596737 99156.624
1183606 -0.0016591512 0.015170664 -0.00759365936 0.20590134 0.2633622 10.601525 99155.768
1183616 7.28555e-05 0.017435596 -0.008126585 0.15083471 0.2753332 10.649409 99156.624
1183626 7.28555e-05 0.010774033 -0.011190903 0.1316811 0.2825158 10.649409 99156.624
1183636 0.0014051683 0.0021140026 -0.008259816 0.12928688 0.30406362 10.66138 99156.624
1183645 -0.0007265322 0.0059777084 -0.012789678 0.184353532 0.2873042 10.6398328 99156.43
1183655 0.0020713248 0.0014478466 -0.007726891 0.19632454 0.2681506 10.647015 99156.624
1183665 -0.0064554756 0.0045121644 -0.0135890652 0.16998832 0.29927522 10.644621 99155.768
1183686 -0.00032683836 0.019034368 -0.013988759 0.179565132 0.24420858 10.632649 99156.624
1183696 -0.00339115768 0.0204999132 -0.010657978 0.16998832 0.30885202 10.658986 99156.624
1183706 -0.0025917702 0.013038963 -0.008526279 0.1364695 0.2681506 10.651803 99156.624
1183717 0.00020608678 0.0002487651 -0.0107912092 0.16519992 0.29448682 10.670957 99156.624
1183726 -0.00046006964 -0.0016164722 -0.008792741 0.17238252 0.2705448 10.603919 99156.624
1183736 -0.0009929948 -0.0077451096 -0.010657978 0.1388637 0.2705448 10.623073 99156.624
1183746 -0.0008597635 0.007310021 -0.007460429 0.189141932 0.2825158 10.675745 99157.3
1183756 -6.037578e-05 0.011839883 -0.00652781 0.179565132 0.22984336 10.601525 99157.3
1183768 0.0008722432 0.023963926 -0.009192435 0.1604115 0.24181438 10.608707 99157.3
1183778 -0.0032579266 0.023697462 -0.008126585 0.11731588 0.2681506 10.596737 99157.3
1183787 -0.0015259199 0.022631614 -0.0042628784 0.19393034 0.23702596 10.6158904 99157.3
1183798 -0.0059225504 0.010107877 -0.011590597 0.177170932 0.2873042 10.699687 99157.3
1183808 -6.037578e-05 -0.014140209 -0.0098585912 0.1412579 0.2825158 10.745177 99157.3
1183826 0.00020608678 -0.022267314 0.004930076 0.181959332 0.2705448 10.620679 99157.3
1183835 0.00020608678 -0.011875277 -0.007060735 0.21068976 0.23463176 10.6398328 99156.624
1183845 -0.0013926886 0.019034368 -0.007327197 0.19632454 0.2801216 10.606314 99157.3
1183855 0.0028707088 0.039818444 -0.012789678 0.186747732 0.2657564 10.637438 99157.3
1183865 -0.0021920764 0.050476944 -0.014388453 0.179565132 0.272939 10.649409 99156.624
1183875 -0.00046006964 0.04488123 -0.010524747 0.15083471 0.260968 10.69011 99156.624
1183885 0.0034036376 0.020366682 -0.008126585 0.12928688 0.2873042 10.742783 99156.624
1183894 7.28555e-05 -0.0045475596 -0.010524747 0.15562311 0.25857376 10.625467 99156.624
1183936 0.00047254936 0.022365152 -0.013855528 0.17238252 0.30166942 10.618284 99155.95
1183956 0.00380333152 0.022898076 -0.015187841 0.1316811 0.2777274 10.649409 99156.624
1183966 -0.0021920764 0.009574952 -0.0062613472 0.15801731 0.272939 10.66138 99156.624
1183975 -0.0005933009 0.0019807712 -0.0031970288 0.1604115 0.2896984 10.565612 99157.45
1183987 -0.0005933009 0.0046453964 -0.00865951 0.179565132 0.2633622 10.546458 99157.45
1183997 0.0027374812 0.015037432 -0.0050622664 0.20350714 0.272939 10.6398328 99157.45
1184006 -0.0015259199 0.015570359 -0.009592129 0.12210429 0.29209262 10.608707 99157.45
1184017 0.00193808976 0.020633144 -0.0107912092 0.19393034 0.260968 10.627861 99157.45
1184027 0.0026042462 0.019700526 -0.010125053 0.1388637 0.2801216 10.66138 99157.45
1184036 0.002204556 0.0019807712 -0.00439611 0.181959332 0.24660278 10.67814 99156.8
1184046 -0.001126226 0.0015810775 -0.007726891 0.19393034 0.24181438 10.635044 99157.45
1184056 -0.003924083 -0.00734541536 -0.0098585912 0.12449849 0.24899698 10.656591 99156.8
1184066 -0.0009929948 0.008775566 -0.011590597 0.16280572 0.2825158 10.563218 99157.45
1184076 -0.0016591512 0.008642333 -0.011057672 0.24899698 0.2896984 10.649409 99157.45
1184086 0.0024710186 0.0201002216 -0.009059204 0.19632454 0.2777274 10.5919484 99157.45
1184095 0.0016716309 0.020899608 -0.011457366 0.1604115 0.320823 10.6158904 99156.8
1184106 0.0020713248 0.0142380468 -0.012656447 0.186747732 0.30885202 10.666168 99156.8
1184116 0.00380333152 0.0050450904 -0.011324135 0.191536132 0.272939 10.644621 99156.12
1184126 0.00367010016 -0.0056134096 -0.011324135 0.177170932 0.29448682 10.632649 99156.8
1184137 0.00047254936 -0.00028416002 -0.0079933532 0.186747732 0.2657564 10.611102 99156.8
1184147 0.00020608678 0.009841414 -0.012523215 0.20350714 0.23942018 10.611102 99156.8
1184159 0.0018048622 0.026095628 -0.0079933532 0.189141932 0.2873042 10.649409 99156.8
1184168 0.00020608678 0.033290116 -0.012523215 0.191536132 0.2777274 10.618284 99156.8
1184179 0.00047254936 0.024496852 -0.01185706 0.15322891 0.28491 10.714052 99156.8
1184189 0.004869178 0.017568826 -0.0098585912 0.12689268 0.2801216 10.6877168 99156.8
1184198 -0.0013926886 -0.00028416002 -0.011190903 0.11971009 0.2657564 10.632649 99156.8
1184208 -0.0009929948 -0.010409734 -0.014654916 0.17477672 0.2801216 10.6158904 99156.8
1184218 -0.0023253076 -0.016271908 -0.010524747 0.181959332 0.2633622 10.606314 99156.8
1184227 0.0020713248 -0.006146334 -0.0117238284 0.17238252 0.2681506 10.642226 99156.8
1184237 -0.0023253076 0.012106346 -0.015187841 0.23223756 0.30645782 10.599131 99156.8
1184248 -0.00046006964 0.02756117 -0.011057672 0.21068976 0.25139116 10.685322 99156.12
1184257 -0.00032683836 0.036620896 -0.010524747 0.14844051 0.23942018 10.642226 99156.8
1184267 0.0047359504 0.037287052 -0.008393047 0.15562311 0.272939 10.632649 99156.12
1184277 0.0008722432 0.016369746 -0.008526279 0.110133272 0.25139116 10.702082 99156.12
1184287 0.0011387058 0.0022472338 -0.00759365936 0.16519992 0.28491 10.699687 99156.12
1184297 -0.00339115768 -0.015339291 -0.005861654 0.15083471 0.31364042 10.702082 99156.12
1184307 -0.003924083 -0.017337758 -0.008393047 0.184353532 0.30166942 10.575189 99156.12
1184317 -0.005256394 -0.008544496 -0.005861654 0.189141932 0.3184288 10.608707 99156.12
1184328 -0.0017923824 0.008375872 -0.008259816 0.21547816 0.25617956 10.6398328 99156.12
1184339 0.0007390119 0.019034368 -0.0098585912 0.22266076 0.23223756 10.623073 99156.12
1184348 0.0015383996 0.022631614 -0.0098585912 0.181959332 0.24420858 10.644621 99155.45
1184359 0.0015383996 0.022764844 -0.010657978 0.15562311 0.2825158 10.651803 99155.45
1184369 -0.001126226 0.010640802 -0.0046625724 0.15562311 0.2753332 10.656591 99155.45
1184386 -0.0007265322 -0.01001004 -0.0107912092 0.16280572 0.2801216 10.632649 99156.12
1184395 -0.0040573144 -0.004147866 -0.011990291 0.16759412 0.29688102 10.6398328 99156.12
1184405 0.008333195 0.008375872 -0.00679427236 0.22266076 0.272939 10.6158904 99156.12
1184448 0.0006057769 0.022498382 -0.009325666 0.184353532 0.25857376 10.670957 99155.45
1184458 0.0008722432 0.008375872 -0.015720766 0.12449849 0.2705448 10.685322 99155.45
1184468 0.00047254936 -0.006945722 -0.010524747 0.16280572 0.23702596 10.606314 99155.45
1184478 -0.0049899312 -0.0014832411 -0.007726891 0.16998832 0.2801216 10.6398328 99155.45
1184487 -0.0025917702 -0.00015092874 -0.012922909 0.17477672 0.29448682 10.632649 99155.45
1184498 -0.0028582328 0.010107877 -0.01185706 0.191536132 0.2896984 10.613496 99155.45
1184508 7.28555e-05 0.027827632 -0.012123521 0.20350714 0.29927522 10.603919 99155.45
1184517 0.00047254936 0.04061783 -0.016520154 0.23463176 0.28491 10.5919484 99155.45
1184527 0.0014051683 0.04288276 -0.02278202 0.19393034 0.29927522 10.627861 99155.45
1184537 0.003536865 0.0298261 -0.0079933532 0.11492168 0.260968 10.747571 99155.45
1184548 -0.0007265322 -0.004281097 -0.00652781 0.1388637 0.29448682 10.6877168 99155.45
1184558 -0.0040573144 -0.031193808 0.003464534 0.12689268 0.2896984 10.697293 99155.45
1184568 -0.004190542 -0.033059044 0.0030648392 0.14604631 0.32800564 10.649409 99155.45
1184577 0.00367010016 -0.016005448 -0.00039917276 0.22984336 0.24660278 10.599131 99155.45
1184588 0.0014051683 0.0069103272 -0.009325666 0.23702596 0.2896984 10.589554 99155.45
1184598 0.0027374812 0.031158414 -0.01305614 0.20829556 0.2825158 10.589554 99155.45
1184616 0.0014051683 0.06499915 -0.019717704 0.16998832 0.25857376 10.601525 99155.45
1184625 0.002204556 0.047545856 -0.01305614 0.088585464 0.33758244 10.730812 99154.78
1184635 0.0028707088 0.023431002 -0.010657978 0.11971009 0.2705448 10.67814 99154.78
1184645 -0.00046006964 0.0045121644 -0.00865951 0.11971009 0.29927522 10.627861 99154.78
1184654 -0.0024585388 0.0031798524 -0.011057672 0.184353532 0.2633622 10.627861 99154.78
1184665 -0.0009929948 0.016636208 -0.0071939668 0.22266076 0.260968 10.5440648 99154.78
1184675 -0.0008597635 0.036754124 -0.009592129 0.20111294 0.29688102 10.618284 99154.78
1184684 0.0030039436 0.05807112 -0.012922909 0.21068976 0.2753332 10.603919 99154.78
1184694 -0.0015259199 0.0709945536 -0.009059204 0.1412579 0.2777274 10.675745 99154.78
1184704 0.0066011848 0.055672964 -0.008526279 0.10773908 0.25617956 10.675745 99154.78
1184714 0.00033931808 0.022231922 -0.00972536 0.093373864 0.2873042 10.685322 99154.78
1184725 -0.0024585388 -0.0026823222 -0.010524747 0.1388637 0.272939 10.666168 99154.78
1184736 -0.0015259199 -0.006146334 -0.00865951 0.16519992 0.2873042 10.666168 99155.45
1184744 0.005935028 -0.004947253 -0.008526279 0.1604115 0.272939 10.5919484 99155.45
1184754 0.004069794 0.0042457028 -0.011324135 0.186747732 0.30406362 10.599131 99155.45
1184764 0.00033931808 0.0256959332 -0.015987228 0.20829556 0.28491 10.608707 99155.45
1184774 0.00367010016 0.0542074168 -0.016520154 0.179565132 0.2825158 10.642226 99155.45
1184785 -0.0008597635 0.04061783 -0.044631944 0.11731588 0.23702596 10.747571 99156.96
1184795 -0.00046006964 0.010241108 -0.06474986 0.1364695 0.20590134 10.613496 99156.96
1184804 0.0012719333 0.03315688 -0.060486464 0.0 0.29927522 10.845734 99156.96
1184814 0.0043362564 0.014770972 -0.034772832 0.1436521 0.363918668 10.637438 99156.96
1184824 -0.0040573144 -0.020268846 -0.012256753 0.07182605 0.272939 10.7356 99156.96
1184833 -0.006721938 -0.06476808 -0.010125053 0.074220252 0.30406362 10.783484 99156.96
1184843 -0.0069884008 -0.13458126 0.013723338 0.04309563 0.356736068 10.817003 99156.96
1184853 -0.00725486136 -0.21531938 0.040636048 -0.05267244 0.31364042 10.8624936 99156.3
1184863 -0.013916425 -0.32150468 -0.029576814 0.21308396 0.34715924 10.5919484 99156.3
1184873 -0.025374312 -0.31990588 -0.01505461 0.354341868 0.39983168 10.579977 99156.12
1184883 0.014328599 0.07912166 -0.007726891 0.45729252 0.25139116 10.383653 99156.12
1184895 0.00367010016 0.07659026 -0.01505461 0.89303732 0.30645782 9.713276 99156.12
1184904 0.018725228 0.380757168 -0.0207835508 0.5530606 0.19393034 10.16578 99156.12
1184915 0.01339598 0.43724724 -0.03530576 -0.02633622 0.16280572 11.212047 99156.12
1184925 0.0012719333 0.10203744 -0.08859826 -0.11731588 0.181959332 11.226412 99156.8
1184965 -0.0015259199 0.0142380468 -0.00759365936 0.1412579 0.2681506 10.680533 99156.8
1184986 -0.0027250014 0.012639271 -0.008259816 0.184353532 0.2801216 10.658986 99156.8
1184996 0.0032704026 0.012905734 -0.011324135 0.186747732 0.29209262 10.6398328 99156.8
1185006 -0.0007265322 0.007043559 -0.012123521 0.15322891 0.2825158 10.644621 99157.45
1185016 0.0015383996 0.011973115 -0.006661041 0.20111294 0.32561144 10.601525 99157.45
1185027 -0.0027250014 0.011839883 -0.0071939668 0.184353532 0.28491 10.608707 99157.45
1185036 0.0012719333 0.014770972 -0.014921378 0.20829556 0.30166942 10.635044 99157.45
1185046 0.003536865 0.0123728088 -0.0069275037 0.12928688 0.23463176 10.644621 99157.45
1185057 -0.0009929948 0.0045121644 -0.012256753 0.15322891 0.260968 10.644621 99157.45
1185066 0.0020713248 0.01144019 -0.00972536 0.10534488 0.24899698 10.630256 99156.8
1185076 0.002204556 0.0069103272 -0.0107912092 0.1364695 0.2705448 10.596737 99157.45
1185086 -0.0025917702 0.008642333 -0.010258284 0.15083471 0.22744916 10.58716 99157.45
1185095 -0.0012594573 0.0090420264 -0.010125053 0.19871874 0.22984336 10.630256 99157.45
1185108 0.003536865 0.014904203 -0.012789678 0.16280572 0.260968 10.603919 99157.45
1185118 0.00033931808 0.010507571 -0.012256753 0.1604115 0.2681506 10.560823 99157.45
1185127 7.28555e-05 0.012905734 -0.012922909 0.14604631 0.30645782 10.627861 99157.45
1185137 0.00047254936 0.00944172 -0.013988759 0.181959332 0.32321724 10.613496 99157.45
1185148 0.0008722432 0.00944172 -0.015187841 0.20111294 0.354341868 10.6158904 99157.45
1185157 -0.00032683836 0.00944172 -0.008126585 0.15562311 0.33758244 10.668563 99157.45
1185167 0.0014051683 0.012639271 -0.008259816 0.16998832 0.28491 10.682928 99156.8
1185177 0.0028707088 0.011573421 -0.0089259732 0.181959332 0.25617956 10.666168 99157.45
1185187 7.28555e-05 0.011173727 -0.006661041 0.15801731 0.24420858 10.66138 99157.45
1185197 -0.0017923824 0.015303895 -0.007060735 0.15083471 0.2681506 10.670957 99157.45
1185207 0.0011387058 0.010107877 -0.008259816 0.15562311 0.24420858 10.654198 99157.45
1185226 -0.00046006964 0.014904203 -0.010125053 0.20111294 0.23223756 10.670957 99156.624
1185235 0.0008722432 0.008775566 -0.010125053 0.17238252 0.24660278 10.58716 99156.624
1185245 0.0010054745 0.009708183 -0.009192435 0.1364695 0.24181438 10.625467 99156.624
1185256 0.0028707088 0.012239577 -0.0079933532 0.16998832 0.260968 10.670957 99155.95
1185265 -0.0007265322 0.007310021 0.00013375189 0.17477672 0.23463176 10.651803 99155.95
1185275 -0.00192561368 0.01357189 -0.010657978 0.1436521 0.272939 10.702082 99155.95
1185287 0.0027374812 0.0123728088 -0.008126585 0.15562311 0.31603462 10.685322 99155.95
1185296 0.00047254936 0.010640802 -0.011057672 0.15083471 0.30406362 10.606314 99155.95
1185307 0.0027374812 0.012106346 -0.005861654 0.095768068 0.29209262 10.644621 99155.95
1185317 0.0028707088 0.013438659 -0.012123521 0.11731588 0.31124622 10.5680068 99155.95
1185327 -0.001126226 0.009175258 -0.00546196 0.1436521 0.28491 10.584765 99155.95
1185336 -0.0016591512 0.0065106336 -0.010391516 0.186747732 0.29209262 10.6637744 99155.95
1185347 0.0043362564 0.012905734 -0.011457366 0.21308396 0.30885202 10.6398328 99155.95
1185357 0.0026042462 0.008109409 -0.005994885 0.19632454 0.29927522 10.563218 99155.95
1185367 0.004469488 0.01144019 -0.011324135 0.21068976 0.33518824 10.596737 99156.624
1185377 -0.0013926886 0.012772502 -0.008393047 0.191536132 0.31364042 10.637438 99156.624
1185387 0.003936559 0.011573421 -0.00972536 0.16998832 0.32321724 10.658986 99156.624
1185397 0.0023377872 0.012106346 -0.013722297 0.20350714 0.32800564 10.630256 99156.624
1185407 -6.037578e-05 0.0090420264 -0.010391516 0.16998832 0.29688102 10.623073 99156.624
1185426 0.0007390119 0.011306958 -0.010125053 0.20111294 0.2753332 10.55843 99157.3
1185435 0.0027374812 0.016502976 -0.00652781 0.15562311 0.25857376 10.627861 99157.3
1185445 -0.0028582328 0.010107877 -0.008126585 0.1340753 0.25139116 10.644621 99157.3
1185455 -0.0016591512 0.0090420264 -0.00759365936 0.14844051 0.272939 10.651803 99157.3
1185495 0.0016716309 0.009308489 -0.012922909 0.16759412 0.272939 10.651803 99157.3
1185506 -0.0023253076 0.010507571 -0.005994885 0.11492168 0.29688102 10.658986 99157.3
1185516 0.0010054745 0.01144019 -0.008393047 0.15083471 0.29688102 10.709264 99157.3
1185525 -0.00032683836 0.015037432 -0.0069275037 0.16280572 0.30885202 10.642226 99157.3
1185535 0.00033931808 0.008775566 -0.0107912092 0.177170932 0.29448682 10.670957 99157.3
1185546 0.003137175 0.008509101 -0.014121991 0.16998832 0.2873042 10.656591 99157.3
1185555 0.002204556 0.007576483 -0.011457366 0.1436521 0.25378536 10.658986 99157.3
1185565 0.0014051683 0.009974645 -0.007327197 0.15083471 0.220266544 10.632649 99157.3
1185575 -0.0040573144 0.009708183 -0.00865951 0.15083471 0.2633622 10.670957 99157.3
1185584 -0.002991464 0.008242639 -0.008792741 0.15562311 0.2657564 10.658986 99156.43
1185594 -0.003924083 0.0061109408 -0.009059204 0.11971009 0.272939 10.625467 99156.43
1185604 0.002204556 0.0133054268 -0.00759365936 0.1412579 0.25857376 10.642226 99156.43
1185613 0.002204556 0.0074432516 -0.009192435 0.16280572 0.2681506 10.644621 99156.43
1185623 -0.0007265322 0.00944172 -0.0098585912 0.16759412 0.2777274 10.625467 99156.43
1185633 -0.0037908516 0.011973115 -0.0107912092 0.177170932 0.29927522 10.644621 99155.768
1185643 -0.0023253076 0.012106346 -0.010657978 0.20111294 0.30885202 10.632649 99156.43
1185654 0.0010054745 0.0069103272 -0.009059204 0.19632454 0.2825158 10.627861 99156.43
1185666 -0.0008597635 0.01144019 -0.013722297 0.17238252 0.29448682 10.6158904 99156.43
1185675 0.0024710186 0.009841414 -0.00652781 0.17238252 0.2801216 10.668563 99156.43
1185685 0.0014051683 0.008908795 -0.013455834 0.1604115 0.24660278 10.7116584 99156.43
1185695 0.0026042462 0.018368212 -0.012123521 0.16759412 0.29688102 10.625467 99156.43
1185705 -0.0027250014 0.011706652 -0.009192435 0.17477672 0.25857376 10.599131 99156.43
1185715 0.0006057769 0.009308489 -0.008259816 0.1364695 0.25617956 10.666168 99156.43
1185725 0.0018048622 0.008642333 -0.009991822 0.181959332 0.25857376 10.675745 99156.43
1185734 -0.00339115768 0.010374339 -0.013189372 0.16998832 0.31124622 10.70687 99156.43
1185744 -0.00192561368 0.008908795 -0.012922909 0.15801731 0.29209262 10.613496 99156.43
1185755 -0.0027250014 0.011973115 -0.0117238284 0.12928688 0.25139116 10.635044 99156.43
1185776 -0.00019360706 0.007576483 -0.013455834 0.15562311 0.2753332 10.656591 99155.768
1185785 0.0018048622 0.009974645 -0.010924441 0.179565132 0.2825158 10.6158904 99155.768
1185796 0.0034036376 0.011839883 -0.009192435 0.1364695 0.30166942 10.632649 99155.768
1185806 -0.004457008 0.009841414 -0.010924441 0.19393034 0.29688102 10.618284 99155.768
1185815 0.005268872 0.0142380468 -0.011590597 0.179565132 0.2777274 10.6877168 99155.768
1185826 -0.0013926886 0.010640802 -0.011190903 0.191536132 0.29209262 10.666168 99155.768
1185836 -0.0021920764 0.010107877 -0.009192435 0.1436521 0.272939 10.623073 99155.768
1185847 -0.0025917702 0.0055780144 -0.013189372 0.17238252 0.29688102 10.670957 99155.768
1185858 -6.037578e-05 0.015170664 -0.0062613472 0.11252748 0.2801216 10.627861 99155.768
1185868 -0.0028582328 0.011040496 -0.0071939668 0.184353532 0.29927522 10.647015 99155.768
1185886 0.0010054745 0.009708183 -0.012123521 0.14844051 0.260968 10.589554 99155.09
1185895 -0.00019360706 0.013438659 -0.00972536 0.16998832 0.2801216 10.632649 99155.768
1185905 -0.0045902376 0.011706652 -0.009458898 0.184353532 0.28491 10.656591 99155.768
1185915 0.0020713248 0.013971584 -0.005861654 0.15322891 0.2777274 10.656591 99155.768
1185924 -0.0035243892 0.008642333 -0.0107912092 0.19632454 0.2896984 10.651803 99155.768
1185935 -0.0055228564 0.011973115 -0.008792741 0.189141932 0.28491 10.69011 99155.768
1185945 -0.00019360706 0.010241108 -0.009192435 0.16759412 0.2801216 10.699687 99155.768
1185954 0.0006057769 0.011973115 -0.0107912092 0.16759412 0.23463176 10.685322 99156.43
1185964 0.00020608678 0.014371276 -0.010657978 0.15801731 0.30406362 10.647015 99155.768
1186008 0.0008722432 0.0045121644 -0.009192435 0.17477672 0.29448682 10.673351 99155.768
1186017 -0.0032579266 0.010241108 -0.0062613472 0.14604631 0.2633622 10.599131 99155.768
1186028 0.0043362564 0.017568826 -0.010924441 0.15083471 0.29927522 10.6158904 99155.768
1186039 0.005002413 0.009974645 -0.00652781 0.12210429 0.2681506 10.704475 99155.768
1186056 0.0018048622 0.01250604 -0.008792741 0.1316811 0.2657564 10.599131 99155.768
1186064 -0.00032683836 0.01144019 -0.011990291 0.19632454 0.2681506 10.606314 99155.768
1186077 0.0027374812 0.00944172 -0.011590597 0.1436521 0.24181438 10.5919484 99155.768
1186087 0.0006057769 0.0065106336 -0.011457366 0.189141932 0.2777274 10.649409 99155.768
1186096 -0.0015259199 0.014371276 -0.008259816 0.14604631 0.2896984 10.625467 99155.768
1186106 0.0012719333 0.011173727 -0.009592129 0.1388637 0.2825158 10.630256 99156.43
1186116 0.0015383996 0.010774033 -0.009325666 0.11731588 0.31124622 10.709264 99156.43
1186126 0.0032704026 0.013172196 -0.010524747 0.12928688 0.32321724 10.635044 99156.43
1186136 -0.0009929948 0.0123728088 -0.009192435 0.1412579 0.31124622 10.651803 99156.43
1186146 0.0018048622 0.0061109408 -0.013322603 0.15562311 0.25139116 10.651803 99155.768
1186156 -0.00019360706 0.011706652 -0.0051954976 0.1436521 0.24660278 10.637438 99157.3
1186166 0.0006057769 0.012905734 -0.011590597 0.177170932 0.29448682 10.589554 99156.624
1186177 -0.00192561368 0.008642333 -0.0107912092 0.16280572 0.29688102 10.613496 99156.624
1186186 0.00020608678 0.009841414 -0.014121991 0.17477672 0.2705448 10.584765 99156.624
1186197 -0.0036576204 0.0054447832 -0.010924441 0.189141932 0.2873042 10.611102 99156.624
1186207 0.004069794 0.011306958 -0.010125053 0.1436521 0.2681506 10.685322 99156.624
1186216 0.0011387058 0.0123728088 -0.0098585912 0.15322891 0.24660278 10.647015 99156.624
1186227 0.0015383996 0.01357189 -0.0098585912 0.15083471 0.2801216 10.625467 99156.624
1186237 0.0027374812 0.010107877 -0.009059204 0.16759412 0.29448682 10.608707 99156.624
1186250 0.0008722432 0.008509101 -0.005328729 0.1436521 0.23942018 10.726024 99156.624
1186259 -0.0007265322 0.008642333 -0.009325666 0.16519992 0.25378536 10.642226 99156.624
1186269 -0.0040573144 0.011173727 -0.010657978 0.16759412 0.2777274 10.658986 99156.624
1186279 0.00020608678 0.012639271 -0.011057672 0.15083471 0.24420858 10.675745 99156.624
1186289 0.0015383996 0.009708183 -0.0117238284 0.16759412 0.32321724 10.6877168 99156.624
1186299 0.0007390119 0.009708183 -0.0135890652 0.191536132 0.29927522 10.632649 99156.624
1186310 0.0010054745 0.010774033 -0.0135890652 0.11252748 0.32561144 10.632649 99156.624
1186320 0.0007390119 0.012239577 -0.011457366 0.15562311 0.31124622 10.623073 99156.43
1186330 -0.001126226 0.007576483 -0.014921378 0.19393034 0.2896984 10.632649 99156.43
1186340 0.0015383996 0.012772502 -0.013722297 0.16519992 0.2825158 10.6398328 99157.3
1186350 -0.0008597635 0.010640802 -0.010258284 0.16759412 0.2801216 10.625467 99157.3
1186360 -0.0021920764 0.015170664 -0.012789678 0.11252748 0.2777274 10.656591 99157.3
1186370 0.0020713248 0.006244171 -0.011057672 0.1412579 0.217872352 10.66138 99157.3
1186379 -0.0027250014 0.012239577 -0.008526279 0.15083471 0.25378536 10.618284 99155.768
1186389 0.0008722432 0.014770972 -0.009192435 0.17238252 0.22505496 10.620679 99156.624
1186399 -0.0013926886 0.012639271 -0.009059204 0.14844051 0.30166942 10.625467 99156.624
1186416 0.0030039436 0.01463774 -0.009458898 0.15562311 0.2896984 10.682928 99156.624
1186427 0.0010054745 0.010640802 -0.008792741 0.220266544 0.29209262 10.611102 99156.624
1186437 -0.0025917702 0.015303895 -0.011457366 0.17477672 0.30406362 10.637438 99156.624
1186448 -0.0021920764 0.0123728088 -0.00865951 0.14844051 0.2825158 10.647015 99156.624
1186457 -0.0009929948 0.012905734 -0.009192435 0.16519992 0.25857376 10.565612 99156.624
1186468 7.28555e-05 0.01144019 -0.011990291 0.15083471 0.28491 10.685322 99156.624
1186477 -0.0035243892 0.011973115 -0.010524747 0.17477672 0.25378536 10.642226 99156.624
1186487 -0.0013926886 0.014104815 -0.011190903 0.14604631 0.272939 10.606314 99155.95
1186523 0.0006057769 0.0123728088 -0.00759365936 0.14844051 0.2896984 10.651803 99155.95
1186536 0.00033931808 0.0142380468 -0.009325666 0.17477672 0.30406362 10.649409 99155.95
1186545 0.0018048622 0.013438659 -0.0057284228 0.179565132 0.33039984 10.651803 99155.95
1186556 0.0011387058 0.009974645 -0.010524747 0.184353532 0.2633622 10.666168 99155.95
1186566 0.00033931808 0.009308489 -0.010924441 0.16998832 0.25617956 10.685322 99155.95
1186575 -0.0045902376 0.0090420264 -0.009592129 0.1604115 0.2825158 10.577583 99156.624
